0	12	589100
0	13	88000
0	15	245100
0	19	286900
0	21	494700
0	22	90600
0	23	20200
0	26	93700
0	27	178700
0	28	113100
0	29	200
0	30	212100
0	31	46700
0	32	105700
0	33	50400
0	34	6700
0	35	247000
0	36	70600
0	37	323500
0	38	33300
0	39	169900
0	3	136600
0	40	161500
0	42	157500
0	44	235000
0	46	388700
0	48	685000
0	50	874500
0	52	1066100
0	53	40500
0	54	470800
0	55	473800
0	56	68300
0	57	554100
0	59	471500
0	61	356300
0	63	254500
0	65	37000
0	66	138200
0	67	93600
0	68	106300
0	69	69100
0	70	52000
0	71	48600
0	72	32500
0	73	53700
0	77	200
0	78	2700
0	7	1302200
0	83	265900
10	12	119400
10	13	26000
10	15	27100
10	23	89100
10	24	554300
10	25	738200
10	26	611100
10	27	428500
10	28	428700
10	29	333800
10	30	253100
10	31	11200
10	32	56100
10	33	6100
10	34	63100
10	35	62500
10	37	18400
10	39	63100
10	40	102100
10	42	70300
10	44	346600
10	46	391800
10	48	365300
10	50	199400
10	52	208500
10	53	16200
10	54	129700
10	55	76300
10	56	18500
10	57	103400
10	59	43400
10	61	33200
10	63	13800
10	73	1600
10	83	7400
11	10	125800
11	11	485600
11	12	798100
11	13	461700
11	14	1700
11	15	266800
11	17	3000
11	19	511300
11	1	1752400
11	20	201400
11	21	248000
11	23	64800
11	24	7700
11	25	69400
11	26	32300
11	27	7600
11	28	68300
11	29	46200
11	2	23200
11	30	3700
11	31	81600
11	32	53600
11	33	5800
11	35	139400
11	37	32000
11	38	50600
11	39	69400
11	40	47700
11	42	189400
11	44	228000
11	46	293900
11	48	284000
11	50	318400
11	52	459800
11	53	20600
11	54	222100
11	55	162200
11	56	48700
11	57	220700
11	59	83000
11	61	40100
11	63	19500
11	65	1000
11	66	4300
11	67	1600
11	68	6000
11	69	5800
11	70	2700
11	71	1900
11	72	1000
11	73	1900
11	7	502000
11	83	77600
11	9	898800
12	10	122100
12	13	207900
12	1	51800
12	21	34400
12	2	1900
12	30	13700
12	31	37800
12	32	13100
12	34	25500
12	35	11500
12	37	98000
12	38	28400
12	39	4500
12	3	2100
12	42	38300
12	44	18200
12	46	38000
12	48	141300
12	50	139500
12	52	94400
12	53	16100
12	54	110500
12	55	48000
12	56	5300
12	57	19700
12	59	1800
12	7	2300
12	83	11300
12	9	437300
13	0	500
13	10	29200
13	11	600
13	12	41400
13	13	422100
13	15	251600
13	19	72800
13	1	677700
13	25	3200
13	27	1500
13	28	26200
13	29	32000
13	2	26600
13	30	108500
13	31	7200
13	32	34300
13	33	64000
13	34	45000
13	35	226300
13	36	24200
13	37	440300
13	38	16300
13	39	91800
13	3	280500
13	40	164200
13	42	257400
13	44	266700
13	46	331300
13	48	641300
13	50	539200
13	52	520600
13	53	42700
13	54	410800
13	55	276900
13	56	28000
13	57	252900
13	59	205900
13	61	115600
13	63	55000
13	65	6900
13	66	23600
13	67	18500
13	68	20100
13	69	11600
13	6	8900
13	70	16600
13	71	18500
13	72	12500
13	73	23600
13	7	261200
13	83	98300
13	9	328100
14	13	312400
14	14	7500
14	15	410000
14	19	89600
14	1	19000
14	20	300
14	24	12900
14	25	35700
14	29	88900
14	30	41300
14	31	199200
14	32	468300
14	33	172200
14	34	209700
14	35	354300
14	36	98600
14	37	277200
14	38	112300
14	39	20700
14	40	37100
14	42	76800
14	44	210000
14	46	560300
14	48	428300
14	50	389300
14	52	519800
14	53	34200
14	54	229500
14	55	126500
14	56	14300
14	57	52700
14	59	42600
14	61	9300
14	63	9500
14	65	11700
14	66	2300
14	67	2100
14	68	1700
14	69	600
14	70	700
14	71	6900
14	72	6100
14	73	1400
14	83	8000
14	9	2500
15	0	882400
15	10	176700
15	11	125400
15	12	252400
15	13	1630700
15	15	1788000
15	17	670400
15	18	43900
15	19	662200
15	1	981600
15	21	139200
15	22	153300
15	23	117400
15	24	163400
15	25	181100
15	26	104300
15	27	9900
15	28	214600
15	29	151500
15	30	287700
15	31	27200
15	32	624800
15	33	315600
15	34	169600
15	35	500600
15	36	85000
15	37	328100
15	38	2000
15	39	110000
15	3	217400
15	40	225600
15	42	283000
15	44	542800
15	46	795400
15	48	1055700
15	50	1646700
15	52	2080700
15	53	130300
15	54	1285200
15	55	969800
15	56	186100
15	57	1099300
15	59	596700
15	61	295400
15	63	186200
15	65	27100
15	66	88500
15	67	111600
15	68	145400
15	69	71200
15	6	113900
15	70	50300
15	71	56100
15	72	51300
15	73	72900
15	78	1800
15	79	1200
15	7	796200
15	83	433500
15	9	128100
17	0	7400
17	10	9400
17	11	8200
17	12	33300
17	13	380900
17	15	1716100
17	17	313700
17	18	535100
17	19	245100
17	1	425500
17	21	67000
17	22	12700
17	25	400
17	27	68000
17	28	160000
17	29	136200
17	30	347000
17	31	373400
17	32	73900
17	33	31500
17	34	8400
17	35	306900
17	36	20600
17	37	90800
17	38	134900
17	39	154800
17	40	60400
17	42	179100
17	44	175900
17	46	234600
17	48	391100
17	50	387600
17	52	522600
17	53	36300
17	54	249700
17	55	228300
17	56	35800
17	57	226300
17	59	117700
17	61	86800
17	63	78300
17	65	2000
17	66	10500
17	67	9000
17	68	16100
17	69	10600
17	6	77600
17	70	11200
17	71	5700
17	72	5300
17	73	11200
17	7	216900
17	83	69300
17	9	37800
18	46	100
18	48	100
18	50	400
19	11	146000
19	12	83900
19	13	177500
19	15	84600
19	17	180100
19	18	90600
19	19	129500
19	1	94100
19	21	45800
19	22	10600
19	23	189400
19	24	69900
19	26	61300
19	31	19400
19	32	199400
19	33	156200
19	34	104500
19	35	120800
19	36	16800
19	37	72600
19	39	4300
19	3	152800
19	40	80800
19	41	24700
19	42	157800
19	44	71700
19	46	63900
19	48	187900
19	50	204000
19	52	190500
19	53	18700
19	54	127000
19	55	49700
19	56	6100
19	57	59300
19	59	32200
19	61	10600
19	63	13300
19	65	2500
19	66	18100
19	67	11500
19	68	5700
19	69	3500
19	6	52100
19	70	3300
19	71	400
19	72	300
19	7	102400
19	83	8400
19	9	320600
1	13	141900
1	15	300
1	17	236700
1	18	264200
1	19	1646200
1	20	13600
1	21	329100
1	22	322500
1	23	26600
1	24	302700
1	25	602000
1	26	1568400
1	27	202500
1	28	576500
1	29	274900
1	2	222800
1	30	681100
1	31	434200
1	32	606300
1	33	762600
1	34	1182800
1	35	1630100
1	36	377300
1	37	956800
1	38	106000
1	39	365900
1	3	140300
1	40	602800
1	41	1900
1	42	764200
1	44	493300
1	46	873300
1	48	1059700
1	50	1276500
1	52	1716500
1	53	80000
1	54	1198400
1	55	1008500
1	56	125500
1	57	1155900
1	59	627000
1	61	538700
1	63	449500
1	65	80500
1	66	232600
1	67	201600
1	68	246400
1	69	196800
1	6	194300
1	70	184300
1	71	127000
1	72	71100
1	73	158200
1	78	900
1	79	1900
1	7	2533600
1	83	769700
1	9	1251000
20	28	111900
20	29	117300
20	30	19600
20	32	156500
20	33	22000
20	34	45400
20	35	154100
20	37	30900
20	38	32500
20	44	68300
20	46	3100
20	48	120100
20	50	78300
20	52	75700
20	53	9100
20	54	48300
20	55	36300
20	56	2900
20	57	35600
20	59	1000
20	69	1700
20	83	2600
21	26	400
21	35	200
21	40	32000
21	42	900
21	44	117100
21	46	121600
21	48	41000
21	50	59000
21	52	53900
21	53	200
21	54	29700
21	55	43200
21	56	4300
21	57	24300
21	83	800
22	0	10700
22	10	18800
22	11	252800
22	12	300
22	13	193200
22	15	214700
22	18	77700
22	19	247500
22	1	148500
22	21	23600
22	23	123000
22	24	53900
22	25	21000
22	26	54400
22	27	90800
22	28	155100
22	29	100
22	30	35300
22	31	29300
22	32	9500
22	33	30000
22	34	5900
22	35	205600
22	36	11000
22	37	12100
22	38	7100
22	39	31800
22	3	6900
22	40	82400
22	41	1400
22	42	71000
22	44	174600
22	46	216000
22	48	173400
22	50	376100
22	52	538600
22	53	32000
22	54	282300
22	55	190200
22	56	10000
22	57	124800
22	59	125900
22	61	60700
22	63	14100
22	65	2300
22	66	3500
22	67	8400
22	68	7800
22	69	3500
22	70	800
22	71	100
22	7	376400
22	83	10900
23	0	140000
23	10	39900
23	11	51400
23	12	34400
23	13	493000
23	14	9200
23	15	92100
23	17	102700
23	18	21100
23	19	148100
23	1	465300
23	21	89500
23	22	57900
23	23	205100
23	24	78300
23	25	187100
23	26	150100
23	27	36700
23	28	429300
23	29	235500
23	2	82800
23	30	443600
23	31	39000
23	32	282200
23	33	268400
23	34	92800
23	35	778200
23	36	13900
23	37	212000
23	38	108800
23	39	38800
23	3	105000
23	40	20800
23	42	116600
23	44	162800
23	46	256800
23	48	546100
23	50	808300
23	52	697500
23	53	53000
23	54	453300
23	55	294100
23	56	28100
23	57	211800
23	59	159100
23	61	73000
23	63	73500
23	65	7900
23	66	38500
23	67	37700
23	68	42800
23	69	27200
23	6	31200
23	70	19500
23	71	13000
23	72	10200
23	73	37200
23	78	1400
23	79	700
23	7	361500
23	83	120500
24	0	4800
24	12	60500
24	13	100
24	14	20800
24	15	100
24	17	3300
24	1	806900
24	21	14200
24	22	89800
24	23	294300
24	24	52700
24	25	165900
24	26	169200
24	27	600
24	28	27000
24	29	171100
24	30	222900
24	31	17300
24	32	158900
24	33	303800
24	34	254000
24	35	5300
24	36	59600
24	37	294000
24	38	93900
24	40	2100
24	42	23600
24	44	81000
24	46	138100
24	48	96000
24	50	202300
24	52	116900
24	53	5400
24	54	65200
24	55	60100
24	56	2800
24	57	52900
24	59	58000
24	61	26000
24	63	14800
24	65	1200
24	66	6500
24	67	3400
24	68	1900
24	73	300
24	7	108700
24	83	500
25	0	120400
25	10	1000
25	11	155000
25	12	163700
25	13	76600
25	14	126400
25	15	45100
25	17	244400
25	18	2500
25	19	180800
25	1	1239700
25	21	251700
25	22	4800
25	23	88500
25	24	78200
25	25	167900
25	26	47200
25	27	40700
25	28	53400
25	29	221300
25	2	92300
25	30	291100
25	31	168600
25	32	248200
25	33	236100
25	34	211100
25	35	188600
25	36	25000
25	37	115300
25	38	21800
25	39	67900
25	3	118800
25	40	20400
25	42	69900
25	44	192200
25	46	317300
25	48	302600
25	50	378300
25	52	391200
25	53	21100
25	54	216300
25	55	174000
25	56	19200
25	57	184200
25	59	115800
25	61	55300
25	63	33600
25	65	10800
25	66	13500
25	67	19300
25	68	16700
25	69	18800
25	70	6100
25	71	7100
25	72	6100
25	73	14200
25	78	1000
25	79	1800
25	7	160300
25	83	50900
26	0	1000
26	11	161100
26	12	18000
26	13	31000
26	17	125400
26	19	8500
26	1	400800
26	21	11800
26	26	263200
26	27	32200
26	32	17900
26	33	54300
26	34	6300
26	35	78400
26	36	16600
26	37	140000
26	38	7800
26	39	800
26	42	12400
26	44	24800
26	46	124100
26	48	161800
26	50	192000
26	52	82200
26	53	1200
26	54	47400
26	55	37900
26	56	3000
26	57	43900
26	59	10500
26	61	12100
26	63	10000
26	66	4200
26	67	3500
26	68	3000
26	69	2500
26	70	2100
26	71	3000
26	72	2800
26	83	2100
26	9	461300
27	10	55200
27	11	751700
27	12	101800
27	13	16000
27	17	900
27	19	36000
27	1	268200
27	22	55700
27	25	18900
27	26	214000
27	27	46900
27	28	376300
27	33	18300
27	34	23500
27	35	69900
27	36	4200
27	37	800
27	38	73100
27	39	42700
27	40	59900
27	41	7500
27	42	161600
27	44	82100
27	46	64700
27	48	117400
27	50	102000
27	52	67200
27	53	23900
27	54	42600
27	55	4400
27	57	9200
27	59	2000
27	61	200
27	63	4200
27	66	1500
27	67	900
27	7	46800
27	83	1600
27	9	4900
28	0	72300
28	10	39000
28	11	419300
28	12	193500
28	13	120000
28	15	245400
28	17	22700
28	19	81900
28	1	463600
28	20	205500
28	21	47000
28	22	58200
28	23	125900
28	24	122600
28	25	177900
28	26	96800
28	27	218300
28	28	478200
28	29	115100
28	2	199400
28	30	130800
28	31	23900
28	32	223200
28	33	214400
28	34	53500
28	35	262800
28	36	2900
28	37	211800
28	38	73100
28	39	98600
28	3	9700
28	40	244200
28	41	2700
28	42	209900
28	44	225300
28	46	454100
28	48	458700
28	50	479000
28	52	443500
28	53	18700
28	54	207200
28	55	234000
28	56	72700
28	57	244800
28	59	108200
28	61	29200
28	63	26200
28	65	10100
28	66	11600
28	67	7800
28	68	5100
28	69	1600
28	6	22100
28	70	7200
28	71	7000
28	72	1900
28	73	14200
28	78	3000
28	7	348100
28	83	32000
29	12	300
29	17	80800
29	19	1100
29	20	17000
29	23	40100
29	24	75300
29	25	400
29	27	1200
29	28	268600
29	29	17600
29	2	10900
29	31	117700
29	32	23700
29	33	10400
29	36	12400
29	37	83100
29	38	10700
29	39	1600
29	40	7200
29	42	70700
29	44	66600
29	46	48900
29	48	45500
29	50	34900
29	52	19200
29	54	27100
29	55	65100
2	13	72400
2	15	222100
2	17	200
2	19	1600
2	21	38700
2	23	107000
2	24	44200
2	25	48000
2	28	72400
2	29	46200
2	30	32900
2	31	25400
2	32	64800
2	33	36300
2	34	124200
2	35	228200
2	36	38800
2	37	76300
2	40	59000
2	42	153200
2	44	187800
2	46	264000
2	48	291000
2	50	560000
2	52	773000
2	53	36300
2	54	591800
2	55	348600
2	56	42100
2	57	451700
2	59	366400
2	61	251000
2	63	252800
2	65	61900
2	66	101000
2	67	72700
2	68	76300
2	69	76300
2	70	63600
2	71	48100
2	72	37400
2	73	51800
2	7	100400
2	83	120700
30	0	206000
30	10	220500
30	11	36300
30	12	543700
30	13	527100
30	15	223300
30	17	37200
30	18	63800
30	19	84500
30	1	740200
30	20	57900
30	21	21200
30	23	556900
30	24	292200
30	25	57000
30	26	107500
30	27	246600
30	28	367100
30	29	371300
30	2	129200
30	30	515000
30	31	207200
30	32	426100
30	33	445700
30	34	181500
30	35	399700
30	36	48900
30	37	232100
30	38	134800
30	39	147200
30	3	251500
30	40	147700
30	41	2400
30	42	534300
30	44	549800
30	46	459900
30	48	836100
30	50	1461100
30	52	1418800
30	53	126700
30	54	925900
30	55	548400
30	56	44600
30	57	702200
30	59	403500
30	61	256300
30	63	170600
30	65	19000
30	66	82500
30	67	84700
30	68	95200
30	69	52600
30	6	25800
30	70	49500
30	71	28100
30	72	24300
30	73	47100
30	7	604100
30	83	235200
30	9	800
31	0	104200
31	10	144300
31	11	193200
31	12	113600
31	13	290400
31	14	157800
31	15	390400
31	17	433500
31	19	32500
31	1	930900
31	20	4600
31	21	99600
31	22	1000
31	23	81900
31	24	310100
31	25	307000
31	26	60000
31	27	182200
31	28	424700
31	29	120100
31	2	39400
31	30	249900
31	31	67000
31	32	555400
31	33	891400
31	34	588600
31	35	558300
31	36	13000
31	37	424700
31	38	115100
31	39	162400
31	3	185400
31	40	267600
31	42	379200
31	44	510300
31	46	497800
31	48	591100
31	50	908700
31	52	1125500
31	53	57400
31	54	688900
31	55	488000
31	56	56200
31	57	489800
31	59	270500
31	61	236400
31	63	129000
31	65	12200
31	66	55500
31	67	56800
31	68	32800
31	69	41200
31	6	118200
31	70	35100
31	71	12100
31	72	11200
31	73	15000
31	7	726000
31	83	122000
31	9	132400
32	0	300
32	11	244000
32	12	35900
32	13	162800
32	14	128100
32	15	97100
32	17	200
32	19	79000
32	1	324600
32	21	200
32	22	53700
32	23	8500
32	24	73100
32	25	125000
32	26	20300
32	27	5100
32	28	132900
32	29	43000
32	30	87400
32	31	46100
32	32	148500
32	33	216200
32	34	65500
32	35	261700
32	36	4400
32	37	273800
32	38	58300
32	39	56100
32	3	2000
32	40	32700
32	42	114500
32	44	83100
32	46	145700
32	48	103700
32	50	212700
32	52	185500
32	53	28000
32	54	151000
32	55	82100
32	56	3400
32	57	51100
32	59	38200
32	61	35700
32	63	23400
32	65	7600
32	66	3900
32	67	2700
32	68	3900
32	69	2700
32	6	77700
32	70	200
32	71	1000
32	72	2900
32	73	3900
32	7	199700
32	83	3200
32	9	38600
33	0	322200
33	10	157200
33	11	357000
33	12	382500
33	13	901100
33	14	119400
33	15	550500
33	17	165500
33	19	218900
33	1	1960700
33	20	36000
33	21	62500
33	22	52200
33	23	21400
33	24	217700
33	25	87600
33	26	75200
33	27	28000
33	28	396900
33	29	237700
33	2	212500
33	30	427600
33	31	262800
33	32	565400
33	33	851700
33	34	636200
33	35	990400
33	36	77800
33	37	940900
33	38	327300
33	39	234000
33	3	241000
33	40	393900
33	42	571200
33	44	606700
33	46	781300
33	48	1177700
33	50	1742600
33	52	1751300
33	53	140700
33	54	1025400
33	55	767800
33	56	110800
33	57	819900
33	59	442200
33	61	234600
33	63	148000
33	65	20600
33	66	68700
33	67	43100
33	68	64800
33	69	33100
33	6	100000
33	70	29100
33	71	37900
33	72	33900
33	73	63500
33	7	1350300
33	83	227000
33	9	143300
34	10	200
34	11	16500
34	13	27400
34	15	145500
34	17	2800
34	1	186600
34	28	65600
34	29	37200
34	30	34200
34	31	5000
34	32	3600
34	33	42600
34	34	11000
34	35	47100
34	36	5000
34	38	2600
34	39	2900
34	40	3900
34	42	43600
34	48	57300
34	50	18000
34	52	7000
34	53	1000
34	54	2700
34	55	3500
34	61	100
34	63	500
34	66	400
34	67	400
34	68	2200
34	7	156000
34	9	800
35	0	96100
35	10	204100
35	11	106700
35	12	320200
35	13	1027300
35	14	73100
35	15	828600
35	17	33100
35	19	215800
35	1	622300
35	20	247900
35	21	98000
35	22	3400
35	23	2400
35	24	101700
35	26	164200
35	27	31000
35	28	187600
35	29	194600
35	2	251600
35	30	319800
35	31	107400
35	32	458200
35	33	382100
35	34	472200
35	35	1094700
35	36	252600
35	37	659300
35	38	108300
35	39	228600
35	3	95100
35	40	352200
35	41	2500
35	42	426800
35	44	500300
35	46	744300
35	48	825500
35	50	739100
35	52	726600
35	53	23000
35	54	486400
35	55	318800
35	56	38000
35	57	277600
35	59	155600
35	61	72000
35	63	21800
35	65	800
35	66	7800
35	67	14500
35	68	17300
35	69	8500
35	6	137300
35	70	8000
35	71	6800
35	72	2600
35	73	11400
35	78	200
35	7	323400
35	83	38900
35	9	138900
36	10	3000
36	12	79900
36	13	11400
36	14	7400
36	15	104500
36	19	18800
36	1	14000
36	20	16100
36	21	42200
36	23	25200
36	24	5000
36	26	62900
36	27	2300
36	28	25900
36	29	7500
36	2	3400
36	30	1200
36	31	43500
36	32	3700
36	33	1900
36	34	56700
36	35	70600
36	36	27400
36	37	115800
36	38	25800
36	39	9900
36	40	17400
36	42	29700
36	44	13500
36	46	17300
36	48	10000
36	50	30500
36	52	20700
36	54	18700
36	55	11800
36	57	19500
36	59	7400
36	61	13200
36	63	12500
36	65	100
36	66	4400
36	67	3400
36	68	1300
36	69	1900
36	70	1500
36	72	100
36	73	12400
36	78	2400
36	79	1300
36	7	47900
36	83	18700
36	9	900
37	0	64600
37	10	79300
37	11	40100
37	12	152100
37	13	351200
37	14	128500
37	15	76300
37	17	300
37	19	35400
37	1	119300
37	20	32600
37	21	268700
37	23	161400
37	24	59900
37	25	4300
37	26	13100
37	27	7400
37	28	146600
37	29	29700
37	2	87200
37	30	101700
37	31	40800
37	32	172500
37	33	138900
37	34	108600
37	35	411300
37	36	129900
37	37	316400
37	38	77200
37	39	20500
37	40	192100
37	42	167200
37	44	183900
37	46	207000
37	48	301000
37	50	311000
37	52	219100
37	53	9900
37	54	102800
37	55	91200
37	56	6900
37	57	56900
37	59	18400
37	61	27200
37	63	30300
37	65	7700
37	66	12800
37	67	2300
37	68	9400
37	69	6100
37	6	38100
37	70	11500
37	71	11100
37	72	11300
37	73	700
37	7	279600
37	83	19100
37	9	159000
38	0	118000
38	10	41800
38	11	500
38	12	99600
38	13	391100
38	14	44200
38	15	155600
38	17	38900
38	19	110800
38	1	332100
38	20	7700
38	21	176700
38	22	18000
38	23	96100
38	24	58700
38	25	6200
38	26	11900
38	27	29200
38	28	135900
38	29	46700
38	2	113500
38	30	163800
38	31	42400
38	32	214100
38	33	146600
38	34	98200
38	35	477800
38	36	20400
38	37	336200
38	38	69800
38	39	241400
38	3	3300
38	40	272900
38	41	7200
38	42	402700
38	44	362100
38	46	344900
38	48	454800
38	50	392200
38	52	342200
38	53	7600
38	54	174900
38	55	227800
38	56	26900
38	57	135500
38	59	68200
38	61	55100
38	63	20000
38	65	900
38	66	7700
38	67	7200
38	68	15000
38	69	8900
38	6	14600
38	70	15200
38	71	17200
38	72	11600
38	73	33000
38	7	229100
38	83	33200
38	9	191600
39	0	1200
39	11	73400
39	13	4800
39	14	1800
39	15	6000
39	17	12500
39	19	7400
39	21	48900
39	23	1000
39	24	4500
39	25	9700
39	28	70700
39	29	22800
39	2	2900
39	30	4200
39	31	41500
39	32	5100
39	33	700
39	34	4800
39	35	52600
39	37	47900
39	38	8200
39	39	21300
39	40	8000
39	42	125200
39	44	80800
39	46	26600
39	48	10600
39	50	39900
39	52	24600
39	53	900
39	54	4700
39	55	32200
39	56	9300
39	57	17600
39	61	5000
39	63	200
39	69	200
39	70	600
39	71	100
39	72	100
39	7	137500
39	83	1600
39	9	400
3	11	94800
3	12	125300
3	13	60700
3	15	897300
3	19	7800
3	21	400
3	23	255700
3	24	1017000
3	25	191700
3	26	55000
3	27	22800
3	28	546300
3	29	48600
3	2	263000
3	30	325600
3	31	94200
3	32	234600
3	33	582400
3	34	234900
3	35	496400
3	36	1200
3	37	338400
3	38	223700
3	39	202600
3	40	181700
3	42	108500
3	44	157100
3	46	371500
3	48	702900
3	50	694900
3	52	862700
3	53	39900
3	54	427000
3	55	461100
3	56	38400
3	57	691700
3	59	466200
3	61	309700
3	63	351100
3	65	58000
3	66	161400
3	67	191400
3	68	195400
3	69	142300
3	6	1516900
3	70	122500
3	71	90000
3	72	107000
3	73	172300
3	78	2100
3	79	400
3	7	1516100
3	83	471900
40	0	204100
40	10	102600
40	11	262300
40	12	195400
40	13	395800
40	14	48400
40	15	165900
40	17	480300
40	18	13800
40	19	384600
40	1	472200
40	20	2800
40	21	143200
40	22	49100
40	23	99100
40	24	175100
40	25	173300
40	26	22500
40	27	2700
40	28	291600
40	29	21600
40	2	288500
40	30	190500
40	31	305900
40	32	292900
40	33	201200
40	34	303200
40	35	443800
40	36	32100
40	37	765100
40	38	106700
40	39	355000
40	3	332500
40	40	478100
40	41	17700
40	42	881000
40	44	799000
40	46	761300
40	48	715100
40	50	1077300
40	52	881700
40	53	33400
40	54	508600
40	55	314800
40	56	31400
40	57	301000
40	59	202500
40	61	67800
40	63	39400
40	65	12100
40	66	31700
40	67	20300
40	68	25000
40	69	15300
40	6	227100
40	70	12000
40	71	8900
40	72	5500
40	73	4400
40	7	554700
40	83	40100
40	9	196300
41	21	5400
41	36	2300
41	37	6400
41	39	1600
41	44	2900
41	46	2300
41	48	2000
41	50	2600
41	52	8900
41	53	100
41	54	7700
41	55	2700
41	6	8400
41	9	300
42	0	133900
42	10	153600
42	11	269300
42	12	211000
42	13	506600
42	14	11200
42	15	254000
42	17	127500
42	19	255000
42	1	603400
42	20	2400
42	21	512100
42	22	43400
42	23	57600
42	24	106400
42	25	92900
42	26	131700
42	27	14800
42	28	396500
42	29	182200
42	2	105300
42	30	281500
42	31	121900
42	32	298000
42	33	232000
42	34	169100
42	35	504000
42	36	81500
42	37	718800
42	38	152300
42	39	370400
42	3	276900
42	40	620400
42	41	22600
42	42	1159000
42	44	1417200
42	46	1363600
42	48	1376000
42	50	1258900
42	52	1060000
42	53	73200
42	54	639700
42	55	381700
42	56	42000
42	57	383600
42	59	175200
42	61	72900
42	63	32300
42	65	3600
42	66	14100
42	67	16600
42	68	23400
42	69	8000
42	6	177400
42	70	16000
42	71	14700
42	72	11300
42	73	8800
42	7	688900
42	83	82600
42	9	453100
44	0	224200
44	10	158700
44	11	199200
44	12	375600
44	13	763000
44	14	70800
44	15	554600
44	17	121100
44	19	405800
44	1	762800
44	20	12700
44	21	191600
44	22	100000
44	23	194200
44	24	36600
44	25	279900
44	26	141200
44	27	37600
44	28	536800
44	29	174000
44	2	287400
44	30	338700
44	31	134100
44	32	442500
44	33	289400
44	34	254500
44	35	788300
44	36	38000
44	37	603400
44	38	104000
44	39	283300
44	3	209700
44	40	473500
44	41	5600
44	42	1039800
44	44	1555000
44	46	2164700
44	48	1867100
44	50	1698900
44	52	1330700
44	53	55400
44	54	709400
44	55	484900
44	56	40600
44	57	437100
44	59	182500
44	61	102800
44	63	65200
44	65	3300
44	66	33200
44	67	39700
44	68	41300
44	69	18300
44	6	199600
44	70	18200
44	71	9600
44	72	10000
44	73	26900
44	78	1100
44	79	100
44	7	1029500
44	83	127500
44	9	187100
46	0	582700
46	10	332600
46	11	257300
46	12	618600
46	13	929300
46	14	70900
46	15	395300
46	17	197300
46	19	299600
46	1	1389500
46	20	27800
46	21	227200
46	22	152000
46	23	335400
46	24	173100
46	25	196200
46	26	115000
46	27	62000
46	28	387600
46	29	109800
46	2	325000
46	30	209000
46	31	194000
46	32	622200
46	33	386700
46	34	162000
46	35	603100
46	36	40300
46	37	746300
46	38	105000
46	39	444100
46	3	429800
46	40	602400
46	41	43700
46	42	907400
46	44	1560100
46	46	3664200
46	48	3504500
46	50	3002400
46	52	2632800
46	53	140000
46	54	1351900
46	55	918900
46	56	102700
46	57	769400
46	59	347600
46	61	218500
46	63	160500
46	65	17400
46	66	38000
46	67	41200
46	68	53200
46	69	34900
46	6	304400
46	70	41100
46	71	21800
46	72	22900
46	73	70600
46	79	1300
46	7	1514100
46	83	226400
46	9	315300
48	0	1157200
48	10	415500
48	11	267400
48	12	526700
48	13	1486300
48	14	44000
48	15	874700
48	17	189200
48	18	31600
48	19	598700
48	1	2413800
48	20	40900
48	21	428100
48	22	155000
48	23	413700
48	24	261700
48	25	447400
48	26	196400
48	27	166400
48	28	573200
48	29	199800
48	2	373100
48	30	434400
48	31	252400
48	32	707200
48	33	444500
48	34	375600
48	35	892800
48	36	73200
48	37	943500
48	38	120600
48	39	370500
48	3	468200
48	40	582800
48	41	500
48	42	864100
48	44	1669000
48	46	3591000
48	48	6612000
48	50	6662100
48	52	5578500
48	53	340200
48	54	2906400
48	55	1794200
48	56	180800
48	57	1532700
48	59	748600
48	61	532200
48	63	342400
48	65	32800
48	66	128500
48	67	133600
48	68	108500
48	69	70100
48	6	605200
48	70	75900
48	71	44300
48	72	40200
48	73	91400
48	78	100
48	79	200
48	7	2332100
48	80	500
48	83	434300
48	9	340700
50	0	1669200
50	10	477300
50	11	335600
50	12	841000
50	13	2112400
50	14	110800
50	15	1356200
50	17	105400
50	18	10000
50	19	505500
50	1	3613000
50	20	36900
50	21	309700
50	22	138400
50	23	290700
50	24	274200
50	25	554500
50	26	182800
50	27	153600
50	28	522500
50	29	179400
50	2	690100
50	30	610300
50	31	185400
50	32	799400
50	33	528100
50	34	359600
50	35	1219100
50	36	79200
50	37	1077900
50	38	122700
50	39	376100
50	3	798800
50	40	752000
50	42	1092700
50	44	1400800
50	46	3181600
50	48	6911200
50	50	11408600
50	52	11337700
50	53	676700
50	54	5573100
50	55	3526100
50	56	439800
50	57	3198300
50	59	1450600
50	61	754600
50	63	601800
50	65	78700
50	66	234200
50	67	216800
50	68	237800
50	69	121200
50	6	899300
50	70	127000
50	71	115100
50	72	79800
50	73	103200
50	77	1800
50	78	2500
50	7	3317400
50	83	613900
50	9	322500
52	0	2380300
52	10	387600
52	11	271300
52	12	638300
52	13	2016300
52	14	117000
52	15	1064500
52	17	185500
52	18	2300
52	19	467100
52	1	3519200
52	20	26200
52	21	239400
52	22	121400
52	23	290300
52	24	212600
52	25	455800
52	26	219900
52	27	115300
52	28	514300
52	29	144200
52	2	613600
52	30	435800
52	31	158600
52	32	688400
52	33	559700
52	34	242600
52	35	1090000
52	36	128900
52	37	844700
52	38	110500
52	39	302900
52	3	847200
52	40	425800
52	41	5800
52	42	751400
52	44	1283400
52	46	2342000
52	48	4653800
52	50	9616500
52	52	16052800
52	53	1118500
52	54	9699000
52	55	5912400
52	56	722100
52	57	5086100
52	59	2364300
52	61	1110600
52	63	749300
52	65	93400
52	66	305800
52	67	288900
52	68	331100
52	69	216600
52	6	994700
52	70	170300
52	71	130600
52	72	84800
52	73	173500
52	77	1400
52	78	3500
52	79	700
52	7	3100300
52	83	952700
52	9	256000
53	0	372800
53	10	24200
53	11	26200
53	12	79000
53	13	183000
53	14	2400
53	15	90600
53	17	26200
53	19	60500
53	1	447200
53	20	6600
53	21	30700
53	22	9500
53	23	52100
53	24	13100
53	25	64500
53	26	28300
53	27	3600
53	28	46000
53	29	25800
53	2	101300
53	30	34300
53	31	13100
53	32	76700
53	33	93100
53	34	9700
53	35	110700
53	36	16400
53	37	130500
53	38	11600
53	39	27900
53	3	71000
53	40	80000
53	41	2400
53	42	74400
53	44	150400
53	46	240800
53	48	509600
53	50	1005000
53	52	1547900
53	53	200400
53	54	1226400
53	55	757400
53	56	95800
53	57	553000
53	59	284700
53	61	117000
53	63	55700
53	65	3100
53	66	12400
53	67	14300
53	68	28000
53	69	13400
53	6	146400
53	70	8400
53	71	9700
53	72	6600
53	73	11200
53	77	200
53	7	371200
53	83	53800
53	9	24200
54	0	1478200
54	10	126600
54	11	157800
54	12	275800
54	13	1121100
54	14	8200
54	15	565800
54	17	102100
54	19	329500
54	1	1862500
54	20	9600
54	21	175600
54	22	6900
54	23	138600
54	24	53200
54	25	265300
54	26	144400
54	27	68000
54	28	282300
54	29	101100
54	2	410300
54	30	292100
54	31	128300
54	32	413400
54	33	304400
54	34	82000
54	35	582800
54	36	59500
54	37	384200
54	38	32000
54	39	162900
54	3	488400
54	40	223700
54	41	10500
54	42	342800
54	44	629300
54	46	999600
54	48	2111400
54	50	4264600
54	52	7015700
54	53	531100
54	54	6494500
54	55	4806200
54	56	545000
54	57	4354500
54	59	2136800
54	61	1081100
54	63	696500
54	65	86300
54	66	290000
54	67	254400
54	68	281800
54	69	177600
54	6	524400
54	70	111600
54	71	114200
54	72	65900
54	73	130000
54	77	1300
54	78	1500
54	7	1676400
54	83	726000
54	9	177700
55	0	1337000
55	10	105100
55	11	233500
55	12	195400
55	13	1073200
55	14	5500
55	15	513800
55	17	71200
55	18	1100
55	19	335900
55	1	1642000
55	20	9100
55	21	96000
55	22	5800
55	23	102800
55	24	52900
55	25	148800
55	26	71800
55	27	53200
55	28	301000
55	29	55400
55	2	416400
55	30	363300
55	31	159000
55	32	345700
55	33	285300
55	34	78900
55	35	467000
55	36	15500
55	37	309900
55	38	30100
55	39	82300
55	3	464200
55	40	162300
55	41	6700
55	42	225200
55	44	464500
55	46	819600
55	48	1684400
55	50	3156200
55	52	5103200
55	53	405500
55	54	4910700
55	55	4925400
55	56	613700
55	57	5098900
55	59	2518800
55	61	1293900
55	63	833200
55	65	125900
55	66	340700
55	67	297300
55	68	336500
55	69	218700
55	6	496400
55	70	170600
55	71	139100
55	72	89800
55	73	139500
55	78	3500
55	79	800
55	7	1465300
55	83	869800
55	9	151200
56	0	183300
56	10	27600
56	11	30500
56	12	8800
56	13	137400
56	15	62700
56	17	12000
56	18	200
56	19	13500
56	1	213900
56	21	8000
56	22	500
56	23	4400
56	24	2400
56	25	10300
56	26	12100
56	27	6400
56	28	63600
56	29	5900
56	2	99100
56	30	29300
56	31	8300
56	32	36700
56	33	36900
56	34	16100
56	35	45300
56	36	1700
56	37	22100
56	38	6900
56	39	5100
56	3	45300
56	40	14100
56	41	1100
56	42	37700
56	44	57700
56	46	110300
56	48	148400
56	50	306000
56	52	495700
56	53	29500
56	54	590600
56	55	618300
56	56	111800
56	57	647600
56	59	281600
56	61	183200
56	63	86100
56	65	5500
56	66	22200
56	67	25200
56	68	30500
56	69	17800
56	6	66500
56	70	7500
56	71	8500
56	72	12100
56	73	16900
56	7	181600
56	83	72600
56	9	13200
57	0	1508800
57	10	91800
57	11	215000
57	12	146400
57	13	1186200
57	14	18400
57	15	409400
57	17	50600
57	18	2300
57	19	217200
57	1	1733500
57	21	148500
57	22	22800
57	23	83700
57	24	53500
57	25	127600
57	26	112200
57	27	43200
57	28	312100
57	29	47400
57	2	500700
57	30	266400
57	31	58900
57	32	269800
57	33	298100
57	34	57200
57	35	381600
57	36	6200
57	37	256000
57	38	39100
57	39	93800
57	3	507000
57	40	152400
57	41	3900
57	42	185900
57	44	445700
57	46	785000
57	48	1211200
57	50	2495600
57	52	4635400
57	53	286300
57	54	4586500
57	55	4943700
57	56	622900
57	57	7187500
57	59	4192800
57	61	2414100
57	63	1582500
57	65	249100
57	66	599700
57	67	521900
57	68	591800
57	69	378800
57	6	607600
57	70	282800
57	71	231800
57	72	151700
57	73	185500
57	78	1500
57	79	400
57	7	1451100
57	83	1248200
57	9	70000
58	32	100
58	54	100
58	7	1400
59	0	849100
59	10	73100
59	11	192300
59	12	71800
59	13	732900
59	14	10600
59	15	273400
59	17	29800
59	19	74300
59	1	1072500
59	21	57000
59	22	47200
59	23	47300
59	24	31500
59	25	61900
59	26	36900
59	27	9000
59	28	176700
59	29	22500
59	2	377000
59	30	148200
59	31	28100
59	32	238000
59	33	186700
59	34	41900
59	35	267300
59	37	164600
59	38	12200
59	39	59500
59	3	282600
59	40	85200
59	41	1100
59	42	109900
59	44	253700
59	46	441400
59	48	776400
59	50	1363900
59	52	2246200
59	53	174000
59	54	2397600
59	55	2830700
59	56	380400
59	57	4752500
59	59	3803600
59	61	2359600
59	63	1656600
59	65	261600
59	66	670500
59	67	572500
59	68	638300
59	69	439500
59	6	378200
59	70	294700
59	71	220300
59	72	144400
59	73	186600
59	78	2500
59	7	864700
59	83	1093300
59	9	32100
61	0	497900
61	10	40400
61	11	110800
61	12	28300
61	13	409700
61	14	4000
61	15	186300
61	17	8700
61	19	57300
61	1	723900
61	21	36500
61	22	12100
61	23	30700
61	24	18900
61	25	50700
61	26	19900
61	27	1500
61	28	133600
61	29	16400
61	2	302100
61	30	97800
61	31	9300
61	32	106100
61	33	103400
61	34	31500
61	35	154000
61	37	81900
61	38	8100
61	39	40900
61	3	141500
61	40	29700
61	41	500
61	42	50300
61	44	125100
61	46	239100
61	48	402500
61	50	667500
61	52	1172000
61	53	69300
61	54	1336800
61	55	1477200
61	56	179200
61	57	2593800
61	59	2398100
61	61	2259500
61	63	1751600
61	65	321500
61	66	664100
61	67	568300
61	68	629700
61	69	466300
61	6	243100
61	70	320100
61	71	211200
61	72	154900
61	73	154100
61	78	4500
61	79	1400
61	7	418700
61	83	873800
61	9	5600
63	0	366800
63	10	22200
63	11	85600
63	12	22800
63	13	284400
63	14	2500
63	15	120300
63	17	15400
63	19	44100
63	1	427600
63	21	12100
63	22	1400
63	23	12500
63	24	7600
63	25	58700
63	26	28900
63	27	1800
63	28	138600
63	29	26400
63	2	275500
63	30	80000
63	31	5900
63	32	103500
63	33	74200
63	34	19500
63	35	134200
63	37	26600
63	38	5500
63	39	16500
63	3	141100
63	40	24300
63	42	15000
63	44	114700
63	46	201200
63	48	282300
63	50	424400
63	52	840400
63	53	29600
63	54	868500
63	55	951800
63	56	97900
63	57	1715000
63	59	1814300
63	61	1683700
63	63	1797300
63	65	370400
63	66	844300
63	67	691900
63	68	809900
63	69	561200
63	6	190700
63	70	368100
63	71	275300
63	72	185200
63	73	229800
63	78	2300
63	79	300
63	7	336200
63	83	888500
63	9	6900
65	0	59800
65	10	3000
65	11	9500
65	12	1000
65	13	43000
65	14	400
65	15	13600
65	19	8000
65	1	56500
65	21	2200
65	23	600
65	24	100
65	25	3600
65	26	1000
65	28	23400
65	29	3200
65	2	91100
65	30	10500
65	32	24500
65	33	12500
65	34	2900
65	35	28200
65	37	7100
65	38	3600
65	39	400
65	3	33000
65	40	1100
65	42	1900
65	44	11900
65	46	26900
65	48	25000
65	50	74300
65	52	110000
65	53	3000
65	54	96100
65	55	111500
65	56	9500
65	57	203300
65	59	255500
65	61	267400
65	63	309500
65	65	109100
65	66	200500
65	67	162400
65	68	197700
65	69	135400
65	6	11000
65	70	93400
65	71	53000
65	72	53200
65	73	70900
65	79	400
65	7	56700
65	83	166800
65	9	1000
66	0	158200
66	10	13300
66	11	23600
66	12	11300
66	13	117200
66	14	6700
66	15	76000
66	17	4000
66	19	19100
66	1	224500
66	21	6000
66	22	1100
66	23	4600
66	24	3800
66	25	20800
66	26	5800
66	27	2300
66	28	57200
66	29	600
66	2	140500
66	30	37600
66	32	29000
66	33	28800
66	34	5000
66	35	64300
66	37	24900
66	38	2300
66	39	5700
66	3	50000
66	40	12700
66	42	11800
66	44	32700
66	46	84000
66	48	108500
66	50	152700
66	52	315000
66	53	15600
66	54	296700
66	55	345900
66	56	22300
66	57	628800
66	59	695000
66	61	576500
66	63	638100
66	65	191300
66	66	437500
66	67	404200
66	68	485100
66	69	359300
66	6	60700
66	70	260400
66	71	189200
66	72	145800
66	73	200600
66	78	1200
66	79	400
66	7	134300
66	83	582200
66	9	3100
67	0	365200
67	10	24300
67	11	18500
67	12	32600
67	13	211900
67	14	4900
67	15	65200
67	17	2800
67	19	38500
67	1	469200
67	21	11900
67	22	4300
67	23	10900
67	24	21100
67	25	47700
67	26	15800
67	27	2800
67	28	54800
67	29	7900
67	2	193800
67	30	76000
67	31	2000
67	32	53600
67	33	74900
67	34	9000
67	35	112600
67	37	25300
67	38	6400
67	39	25600
67	3	111800
67	40	21300
67	42	30200
67	44	56000
67	46	126700
67	48	185500
67	50	298200
67	52	565700
67	53	24100
67	54	540900
67	55	627700
67	56	44800
67	57	1054400
67	59	992400
67	61	941100
67	63	1131500
67	65	242100
67	66	740000
67	67	775800
67	68	1058600
67	69	696000
67	6	133700
67	70	571200
67	71	473100
67	72	373200
67	73	520900
67	78	2500
67	79	3600
67	7	285900
67	83	1353800
67	9	11900
68	0	2600
68	10	400
68	12	2800
68	13	9900
68	15	19900
68	19	100
68	1	24300
68	21	200
68	24	400
68	25	100
68	26	1000
68	29	800
68	2	8800
68	30	1400
68	32	4000
68	33	1300
68	35	2800
68	39	400
68	3	5300
68	44	2600
68	46	2900
68	48	3300
68	50	12000
68	52	11800
68	54	11800
68	55	10700
68	56	100
68	57	29100
68	59	25100
68	61	48000
68	63	75700
68	65	25900
68	66	61300
68	67	58900
68	68	61000
68	69	43500
68	6	11200
68	70	37900
68	71	23700
68	72	16300
68	73	33500
68	7	7400
68	83	58800
69	0	86900
69	10	9400
69	11	9400
69	12	18500
69	13	88400
69	15	32800
69	19	10500
69	1	174100
69	21	3700
69	22	2900
69	23	2600
69	24	4300
69	25	5200
69	26	5400
69	27	900
69	28	9100
69	29	2900
69	2	89000
69	30	18100
69	31	2600
69	32	14700
69	33	10300
69	34	500
69	35	23700
69	37	13900
69	38	5300
69	39	4600
69	3	35100
69	40	6200
69	42	1400
69	44	21500
69	46	21600
69	48	56000
69	50	93300
69	52	151000
69	53	5200
69	54	184600
69	55	189700
69	56	7500
69	57	284500
69	59	316700
69	61	289400
69	63	343800
69	65	109600
69	66	289000
69	67	278700
69	68	376400
69	69	295700
69	6	51000
69	70	267500
69	71	201800
69	72	147900
69	73	256500
69	78	4900
69	79	200
69	7	89100
69	83	536800
69	9	3000
6	0	282900
6	11	171500
6	12	119700
6	13	70700
6	19	203200
6	1	624100
6	21	15600
6	23	567900
6	24	569000
6	25	171900
6	26	94800
6	27	200300
6	28	150500
6	29	33700
6	30	340400
6	31	296400
6	32	148200
6	33	178300
6	34	169400
6	35	487800
6	37	115700
6	38	37000
6	39	145800
6	3	125000
6	40	48400
6	42	95800
6	44	446300
6	46	392100
6	48	587400
6	50	813300
6	52	1123000
6	53	103800
6	54	907200
6	55	767200
6	56	89300
6	57	562200
6	59	310200
6	61	173400
6	63	176200
6	65	33500
6	66	81300
6	67	52800
6	68	80300
6	69	66500
6	6	29651900
6	70	63500
6	71	51700
6	72	66500
6	73	97500
6	78	3800
6	79	600
6	7	3833200
6	80	100
6	83	248400
70	0	136400
70	10	600
70	11	4300
70	12	11400
70	13	85800
70	15	25700
70	17	200
70	19	13500
70	1	162800
70	21	4200
70	22	8800
70	23	4300
70	24	7500
70	25	5400
70	26	3100
70	27	100
70	28	2700
70	29	1200
70	2	72200
70	30	24900
70	31	6100
70	32	11900
70	33	20900
70	34	200
70	35	19200
70	37	10400
70	39	4200
70	3	26700
70	40	2900
70	42	9200
70	44	8600
70	46	24700
70	48	59000
70	50	90000
70	52	141500
70	53	6900
70	54	131400
70	55	161400
70	56	9400
70	57	271100
70	59	278900
70	61	285600
70	63	300400
70	65	74900
70	66	227700
70	67	258200
70	68	353500
70	69	274900
70	6	44600
70	70	271800
70	71	218600
70	72	184900
70	73	331500
70	78	1900
70	79	600
70	7	78900
70	83	616900
70	9	5100
71	0	107100
71	11	5300
71	12	4900
71	13	61500
71	15	19700
71	17	300
71	19	8900
71	1	159500
71	21	5400
71	22	15700
71	23	1300
71	24	2100
71	25	2600
71	26	3300
71	27	300
71	28	8200
71	29	400
71	2	41200
71	30	24200
71	31	4600
71	32	14200
71	33	20800
71	34	1000
71	35	30300
71	37	8600
71	39	6400
71	3	16400
71	40	1200
71	42	8800
71	44	8400
71	46	29000
71	48	60900
71	50	95500
71	52	118200
71	53	5900
71	54	90300
71	55	119300
71	56	3400
71	57	187400
71	59	191400
71	61	178300
71	63	223100
71	65	52100
71	66	157800
71	67	165500
71	68	294400
71	69	274900
71	6	32500
71	70	232200
71	71	226400
71	72	210600
71	73	260100
71	77	1100
71	78	2900
71	79	500
71	7	86400
71	83	521300
71	9	2600
72	0	84000
72	11	600
72	12	13500
72	13	52400
72	15	14400
72	17	1000
72	19	3100
72	1	89800
72	21	1700
72	22	300
72	23	8100
72	24	9600
72	25	9100
72	26	3500
72	27	2600
72	28	9500
72	29	500
72	2	34900
72	30	19600
72	31	1100
72	32	21300
72	33	23000
72	34	300
72	35	21400
72	37	5900
72	39	2700
72	3	13400
72	40	1900
72	42	3500
72	44	7300
72	46	24000
72	48	30200
72	50	51000
72	52	105000
72	53	3300
72	54	66300
72	55	69300
72	56	3600
72	57	119700
72	59	110700
72	61	143600
72	63	149400
72	65	38200
72	66	117200
72	67	108300
72	68	206600
72	69	197800
72	6	17400
72	70	185700
72	71	203500
72	72	169700
72	73	299900
72	78	1200
72	79	1900
72	7	53400
72	80	1100
72	83	478000
73	0	92900
73	11	200
73	12	23600
73	13	93200
73	15	13700
73	17	900
73	19	400
73	1	113200
73	21	5200
73	23	3600
73	24	6300
73	25	8600
73	26	1600
73	27	1700
73	28	11200
73	29	1400
73	2	68600
73	30	27100
73	31	300
73	32	31700
73	33	29900
73	35	40200
73	37	13400
73	39	2700
73	3	32100
73	40	20700
73	42	3800
73	44	18300
73	46	33000
73	48	51800
73	50	109900
73	52	154300
73	53	1700
73	54	86700
73	55	98100
73	56	8300
73	57	172200
73	59	185900
73	61	169200
73	63	233000
73	65	50000
73	66	144900
73	67	164600
73	68	278700
73	69	249600
73	6	44000
73	70	288500
73	71	317700
73	72	286900
73	73	797200
73	77	100
73	78	9600
73	79	12600
73	7	84400
73	83	996700
77	50	600
78	12	800
78	1	200
78	48	700
78	50	300
78	54	2400
78	55	400
78	57	200
78	63	800
78	65	3200
78	67	1000
78	68	3300
78	69	600
78	70	800
78	71	1300
78	72	3000
78	73	4600
78	79	500
78	7	100
78	83	7900
79	13	2300
79	1	3900
79	28	100
79	44	200
79	46	2300
79	48	2100
79	50	300
79	52	300
79	54	100
79	55	100
79	57	2700
79	59	4500
79	61	1900
79	63	300
79	66	200
79	67	1600
79	68	1200
79	69	3000
79	70	1800
79	71	1500
79	72	2600
79	73	7900
79	79	4500
79	7	4800
79	83	12900
7	0	198400
7	10	409800
7	11	860300
7	12	231800
7	13	643300
7	15	265100
7	19	443900
7	1	805900
7	20	1900
7	21	5800
7	24	595700
7	25	262000
7	26	271000
7	27	22000
7	28	174600
7	29	13500
7	2	149200
7	30	245600
7	31	115500
7	32	39000
7	33	289300
7	34	138200
7	35	732700
7	36	15000
7	37	207200
7	38	800
7	39	242000
7	3	2011600
7	40	234200
7	42	497400
7	44	657400
7	46	664300
7	48	1415100
7	50	2026500
7	52	2329800
7	53	113700
7	54	1304800
7	55	933000
7	56	109500
7	57	1132300
7	59	566600
7	61	386400
7	63	234500
7	65	35600
7	66	136800
7	67	97700
7	68	112900
7	69	73600
7	6	17915100
7	70	56100
7	71	48300
7	72	30000
7	73	63300
7	79	1600
7	7	9011300
7	83	429500
7	9	178400
80	48	600
80	54	600
80	55	300
80	68	800
80	73	600
80	78	500
80	79	600
80	7	200
80	83	2400
81	57	100
83	0	574800
83	10	6900
83	11	13000
83	12	47700
83	13	456300
83	15	84900
83	17	15800
83	19	40600
83	1	570300
83	21	17000
83	22	2000
83	23	37100
83	24	63200
83	25	53400
83	26	14600
83	27	2100
83	28	115000
83	29	8600
83	2	223800
83	30	102700
83	31	12100
83	32	108800
83	33	119500
83	34	12800
83	35	174500
83	37	65100
83	39	10300
83	3	119900
83	40	26600
83	42	29000
83	44	81300
83	46	240700
83	48	366000
83	50	594900
83	52	872000
83	53	31600
83	54	820900
83	55	889200
83	56	47300
83	57	1287100
83	59	1051400
83	61	849600
83	63	849500
83	65	160400
83	66	556600
83	67	539500
83	68	856100
83	69	678700
83	6	245300
83	70	655900
83	71	626300
83	72	579400
83	73	1193500
83	77	900
83	78	23400
83	79	13600
83	7	482800
83	80	3600
83	83	9171600
83	9	4700
8	26	3600
8	32	114200
8	33	38200
8	3	1097600
8	42	17700
8	44	14100
8	46	36600
8	48	36200
8	50	60600
8	52	34400
8	53	4900
8	54	22300
8	55	27000
8	56	8600
8	57	16500
8	59	13100
8	61	10100
8	63	3000
8	66	1600
8	67	3600
8	68	300
8	6	5433900
8	7	3353900
8	83	400
8	8	1887700
8	9	676500
9	0	105900
9	10	148700
9	11	82000
9	12	2130800
9	13	1205900
9	15	267000
9	19	779700
9	1	453500
9	20	180400
9	21	416300
9	23	51700
9	24	4300
9	25	102800
9	26	45200
9	28	313100
9	29	295800
9	2	183300
9	30	675100
9	31	153400
9	32	336700
9	33	220600
9	34	57700
9	35	215400
9	37	376000
9	38	104000
9	39	256200
9	3	276500
9	40	297800
9	42	388000
9	44	614700
9	46	678300
9	48	1320100
9	50	1876100
9	52	1831300
9	53	90000
9	54	1128100
9	55	746500
9	56	132000
9	57	722100
9	59	358200
9	61	222000
9	63	160100
9	65	22800
9	66	53200
9	67	46800
9	68	54000
9	69	38200
9	6	2469100
9	70	33800
9	71	22700
9	72	12000
9	73	32500
9	7	2766900
9	83	175500
9	8	24400
9	9	435000
