0	0	2378200
0	12	97500
0	13	367000
0	16	67800
0	18	331100
0	19	331900
0	20	13600
0	21	264800
0	23	14000
0	24	15300
0	25	18300
0	26	103000
0	27	245200
0	28	711800
0	29	314500
0	30	161400
0	31	108900
0	32	21600
0	33	92500
0	34	1900
0	35	99100
0	36	81900
0	37	157400
0	38	186300
0	39	196200
0	40	32300
0	41	194100
0	42	14300
0	43	176700
0	44	43600
0	45	110600
0	46	1800
0	47	209800
0	48	28000
0	49	163000
0	50	4700
0	51	81000
0	52	21100
0	53	69900
0	54	47800
0	55	36800
0	56	93800
0	57	9000
0	58	128200
0	59	900
0	5	943500
0	60	146500
0	62	139700
0	64	537700
0	65	100500
0	66	21100
0	68	676900
0	69	146700
0	70	126000
0	71	102700
0	72	62700
0	73	3900
0	74	104800
0	75	21400
0	76	5700
0	77	5200
0	7	891000
0	83	178300
10	13	323900
10	14	342100
10	15	28300
10	16	1650100
10	17	145900
10	18	391700
10	19	171500
10	21	210500
10	23	35500
10	24	39200
10	25	10900
10	26	119600
10	28	106100
10	29	13600
10	2	61400
10	30	33700
10	31	470700
10	32	314100
10	33	238000
10	34	61300
10	35	150000
10	36	84600
10	37	120200
10	38	39100
10	39	78500
10	40	14200
10	41	50900
10	43	24500
10	44	14100
10	45	63600
10	46	1300
10	47	23700
10	48	3900
10	49	19800
10	51	1700
10	53	400
10	56	13800
10	57	3500
10	58	7500
10	60	5500
10	62	3100
10	64	6700
10	68	9800
10	69	1600
10	70	200
10	7	50900
10	9	456100
11	0	222400
11	11	189200
11	12	93000
11	13	363000
11	14	83300
11	15	500
11	16	46100
11	17	88300
11	18	442100
11	19	58700
11	21	113000
11	23	188500
11	24	100
11	25	50200
11	26	199900
11	27	89000
11	28	156500
11	29	7400
11	2	43800
11	30	129500
11	31	201500
11	32	43300
11	33	160800
11	34	5200
11	35	122000
11	36	158700
11	37	300900
11	38	120100
11	39	188300
11	3	531400
11	40	30400
11	41	200600
11	42	26700
11	43	150600
11	44	3000
11	45	194900
11	46	27900
11	47	177100
11	48	7600
11	49	161400
11	4	1028300
11	50	17600
11	51	111900
11	52	28800
11	53	83400
11	54	39000
11	55	21500
11	56	57800
11	57	2500
11	58	62500
11	60	60900
11	62	44100
11	64	208200
11	65	14700
11	68	94500
11	69	9800
11	70	5900
11	71	7800
11	72	7400
11	74	7500
11	75	1600
11	76	400
11	77	700
11	7	85400
11	83	49000
11	9	59100
12	0	6700
12	16	198500
12	17	4500
12	18	21200
12	19	300
12	21	22300
12	23	83900
12	24	6300
12	25	4500
12	26	2800
12	28	17400
12	29	10500
12	30	55900
12	31	58300
12	32	14400
12	33	80400
12	34	14600
12	35	40500
12	36	15600
12	37	43600
12	38	40000
12	39	119700
12	40	48600
12	41	53400
12	42	13100
12	43	44100
12	45	41300
12	47	49700
12	49	80400
12	4	37900
12	50	2100
12	51	32200
12	52	12200
12	53	57600
12	54	20000
12	55	11200
12	56	17900
12	58	54900
12	5	98700
12	60	34000
12	62	26400
12	64	66000
12	65	3600
12	68	48400
12	69	2000
12	70	1600
12	71	5600
12	72	900
12	74	8400
12	75	1400
12	76	1400
12	7	28900
12	83	8900
13	0	8100
13	10	189100
13	11	283100
13	16	150200
13	17	39900
13	18	26900
13	19	96600
13	1	4900
13	20	87000
13	21	183000
13	23	124200
13	24	300000
13	25	114400
13	26	110600
13	28	210200
13	29	40700
13	30	145500
13	31	261800
13	32	40100
13	33	175100
13	34	16700
13	35	312200
13	36	76600
13	37	286100
13	38	192100
13	39	431700
13	40	101900
13	41	213900
13	42	3000
13	43	182300
13	44	3500
13	45	244500
13	47	193400
13	48	2500
13	49	140400
13	4	100
13	50	19400
13	51	160500
13	52	46100
13	53	115900
13	54	96000
13	55	52000
13	56	130500
13	57	22600
13	58	122600
13	5	124700
13	60	120600
13	62	98400
13	64	403500
13	65	31500
13	68	300100
13	69	32800
13	6	182800
13	70	24300
13	71	22900
13	72	10400
13	73	1700
13	74	44600
13	75	7100
13	76	8100
13	77	1000
13	7	213400
13	83	87600
13	9	77000
14	10	1400
14	11	6800
14	16	41000
14	17	5300
14	18	139400
14	19	630800
14	20	131100
14	21	247400
14	23	107500
14	24	59400
14	25	94200
14	26	217400
14	27	18300
14	28	276700
14	29	166000
14	30	388100
14	31	237300
14	32	34700
14	33	197400
14	34	31700
14	35	71500
14	36	5100
14	37	327300
14	38	112700
14	39	314100
14	40	22600
14	41	206200
14	42	44900
14	43	225900
14	44	2300
14	45	131600
14	46	1800
14	47	118100
14	48	5400
14	49	91000
14	4	123800
14	50	5100
14	51	34900
14	52	10300
14	53	15700
14	54	20600
14	55	34700
14	56	62500
14	57	3000
14	58	50400
14	59	500
14	60	43000
14	62	16400
14	64	102200
14	65	2300
14	68	52200
14	69	4600
14	6	260400
14	70	6900
14	71	7700
14	72	800
14	74	8400
14	75	700
14	7	37000
14	83	18700
14	9	1000
15	0	248000
15	10	135000
15	11	156600
15	13	184400
15	14	120000
15	16	528900
15	17	81000
15	18	721000
15	19	112800
15	1	57500
15	20	218300
15	21	418600
15	23	103600
15	24	54800
15	25	73400
15	26	397500
15	27	139200
15	28	623800
15	29	151400
15	2	15600
15	30	486400
15	31	732100
15	32	136800
15	33	619100
15	34	38100
15	35	420100
15	36	130500
15	37	553600
15	38	153700
15	39	696000
15	40	65300
15	41	586800
15	42	40500
15	43	634800
15	44	54600
15	45	568200
15	46	6500
15	47	577100
15	48	12100
15	49	617200
15	4	172600
15	50	45100
15	51	524100
15	52	115100
15	53	351900
15	54	257400
15	55	224500
15	56	444800
15	57	38900
15	58	458100
15	5	538300
15	60	494300
15	62	364100
15	64	1356700
15	65	144200
15	66	2600
15	68	1169000
15	69	185900
15	70	153900
15	71	130300
15	72	69300
15	73	500
15	74	135800
15	75	23000
15	76	8800
15	77	2500
15	7	681400
15	83	329900
15	9	625900
17	0	117800
17	11	124300
17	13	55800
17	14	36300
17	16	176800
17	17	86900
17	18	240900
17	19	100400
17	20	74600
17	21	589200
17	22	100300
17	23	89500
17	24	180700
17	25	138900
17	26	132100
17	27	43500
17	28	299300
17	29	145700
17	2	800
17	30	89800
17	31	427300
17	32	160900
17	33	232900
17	34	19900
17	35	259200
17	36	170400
17	37	376500
17	38	61900
17	39	241100
17	40	19100
17	41	141300
17	42	7900
17	43	264900
17	44	28500
17	45	303100
17	46	53200
17	47	170200
17	48	8400
17	49	170100
17	4	124500
17	50	26800
17	51	99800
17	52	17200
17	53	82700
17	54	68000
17	55	17800
17	56	70400
17	57	2600
17	58	63700
17	5	136400
17	60	79700
17	62	66200
17	64	186600
17	65	13400
17	68	159800
17	69	24400
17	70	26000
17	71	18600
17	72	11900
17	73	100
17	74	9200
17	83	32000
17	9	82600
18	28	600
19	10	22600
19	11	142300
19	16	32900
19	17	900
19	18	148400
19	19	94000
19	20	129800
19	21	327500
19	22	12900
19	23	118600
19	24	71400
19	25	20000
19	26	140000
19	27	300
19	28	201600
19	29	120100
19	30	92600
19	31	104900
19	32	16200
19	33	190400
19	34	68800
19	35	219700
19	36	17600
19	37	93200
19	38	6800
19	39	142300
19	40	49100
19	41	82200
19	42	8900
19	43	72000
19	45	50600
19	46	900
19	47	84700
19	48	1400
19	49	67500
19	4	52900
19	50	20000
19	51	91800
19	52	15000
19	53	37000
19	54	16800
19	55	13100
19	56	36600
19	57	3900
19	58	39300
19	5	2500
19	60	17000
19	62	13900
19	64	86300
19	65	5500
19	68	53100
19	69	8900
19	70	4000
19	71	2500
19	72	2100
19	74	8300
19	75	3200
19	76	1000
19	7	340400
19	83	23700
19	8	1100
19	9	177400
1	0	851500
1	10	182000
1	11	622800
1	13	627600
1	14	1387600
1	15	39500
1	16	1764800
1	17	653400
1	18	1139800
1	19	1252600
1	1	2202000
1	20	44700
1	21	1448400
1	22	69700
1	23	147400
1	24	7500
1	25	533200
1	26	288500
1	27	130800
1	28	464100
1	29	197700
1	30	912700
1	31	516400
1	32	245100
1	33	454000
1	34	161900
1	35	337900
1	36	223200
1	37	480000
1	38	87400
1	39	307800
1	40	142100
1	41	460800
1	42	41400
1	43	299400
1	44	6400
1	45	235700
1	46	500
1	47	191800
1	49	230600
1	4	1124500
1	50	26000
1	51	228900
1	52	59500
1	53	190300
1	54	202300
1	55	171800
1	56	336000
1	57	57700
1	58	457500
1	5	2688300
1	60	499500
1	62	401700
1	64	1471400
1	65	195400
1	66	3100
1	68	1534000
1	69	293700
1	6	224600
1	70	255300
1	71	285100
1	72	196300
1	73	10700
1	74	425900
1	75	67600
1	76	25600
1	77	7300
1	7	186100
1	83	537900
1	9	641200
20	19	173300
20	20	2700
20	23	114900
20	31	43400
20	32	25100
20	33	17200
20	34	3400
20	35	23000
20	39	1800
20	3	743300
20	40	100
20	41	25000
21	1	188500
21	26	24900
21	27	43700
21	28	46500
21	2	1400
21	30	6800
21	31	6400
21	35	200
21	36	2500
21	37	60100
21	38	64100
21	39	21500
21	40	8900
21	41	2400
21	43	200
21	45	1700
21	47	8400
21	53	2800
21	54	1000
21	55	600
21	56	800
21	58	7000
21	60	3200
21	62	1500
21	64	15100
21	68	8000
21	9	400
22	0	99700
22	10	247600
22	16	12700
22	17	11100
22	18	72600
22	19	66800
22	1	70200
22	20	241900
22	21	202700
22	23	43600
22	24	27800
22	25	99500
22	26	53700
22	27	10900
22	28	112400
22	29	99600
22	2	83600
22	30	79800
22	31	293900
22	32	135300
22	33	76500
22	34	100
22	35	141200
22	36	37500
22	37	130100
22	38	54700
22	39	196300
22	3	53000
22	40	38400
22	41	199600
22	42	30700
22	43	153500
22	44	1800
22	45	86600
22	46	2500
22	47	165200
22	48	19800
22	49	107200
22	50	8800
22	51	74300
22	52	9600
22	53	27200
22	54	18300
22	55	11300
22	56	27800
22	57	6000
22	58	75200
22	59	1800
22	5	28000
22	60	66500
22	62	36900
22	64	93700
22	65	9700
22	68	74800
22	69	10800
22	70	4800
22	71	7200
22	72	2800
22	74	2600
22	75	100
22	77	400
22	7	212200
22	83	12500
22	9	700
23	0	76600
23	10	291900
23	11	93200
23	13	119300
23	14	1300
23	16	555900
23	17	76200
23	18	408400
23	19	113100
23	1	103700
23	20	14300
23	21	338000
23	22	42500
23	23	182300
23	24	21900
23	25	100200
23	26	252100
23	27	6000
23	28	567000
23	29	189800
23	2	544800
23	30	436900
23	31	425600
23	32	85300
23	33	317600
23	34	21000
23	35	167600
23	36	69700
23	37	121300
23	38	97800
23	39	277000
23	3	52700
23	40	55500
23	41	296600
23	42	62700
23	43	311400
23	44	64600
23	45	299700
23	46	10400
23	47	141700
23	48	11200
23	49	102700
23	4	322100
23	50	12000
23	51	90400
23	52	12700
23	53	71800
23	54	44100
23	55	52700
23	56	83300
23	57	12200
23	58	105000
23	59	300
23	5	178800
23	60	101400
23	62	92700
23	64	371300
23	65	31800
23	66	800
23	68	269800
23	69	37800
23	70	21900
23	71	30600
23	72	9100
23	73	100
23	74	33200
23	75	9400
23	76	100
23	7	76700
23	83	95000
23	8	23300
23	9	330200
24	10	277900
24	11	500100
24	16	169100
24	18	46900
24	19	379400
24	1	27600
24	20	63100
24	21	159000
24	22	77000
24	23	12400
24	25	87200
24	26	79700
24	27	58300
24	28	140200
24	29	196900
24	2	58400
24	30	167800
24	31	202200
24	32	42900
24	33	192300
24	34	41300
24	35	81100
24	36	700
24	37	71600
24	38	26100
24	39	91100
24	3	55100
24	40	21100
24	41	123400
24	42	39800
24	43	153100
24	44	11000
24	45	98400
24	46	2700
24	47	60700
24	48	3600
24	49	45300
24	4	192700
24	50	5100
24	51	27300
24	52	6400
24	53	22200
24	54	29500
24	55	17400
24	56	10300
24	58	25100
24	59	1100
24	5	9600
24	60	39200
24	62	27800
24	64	56700
24	65	3200
24	68	14200
24	69	200
24	70	400
24	71	100
24	83	2400
24	9	3300
25	0	43300
25	10	349900
25	11	165800
25	13	120600
25	16	262700
25	17	45000
25	18	261100
25	19	470900
25	20	11600
25	21	131600
25	23	168200
25	24	93900
25	25	46300
25	26	199500
25	27	63700
25	28	382400
25	29	62100
25	2	23900
25	30	245500
25	31	194900
25	32	39900
25	33	130600
25	34	60100
25	35	206500
25	36	51600
25	37	205000
25	38	58200
25	39	155000
25	3	216000
25	40	64700
25	41	187100
25	42	44200
25	43	228300
25	44	67400
25	45	159000
25	46	1000
25	47	68300
25	48	2400
25	49	94300
25	4	227200
25	50	12100
25	51	143500
25	52	48100
25	53	89100
25	54	93500
25	55	43100
25	56	93300
25	57	4300
25	58	91400
25	59	100
25	5	893900
25	60	79800
25	62	67200
25	64	214100
25	65	12100
25	68	136400
25	69	20700
25	70	18300
25	71	27400
25	72	25400
25	73	1900
25	74	37600
25	75	2200
25	76	100
25	7	73000
25	83	47300
25	8	2800
25	9	23700
26	11	2700
26	12	78700
26	13	26600
26	14	172700
26	18	18700
26	19	287300
26	20	104100
26	21	60100
26	23	70300
26	24	45300
26	25	27200
26	26	102300
26	27	12100
26	28	80600
26	29	14000
26	30	39700
26	31	28500
26	32	18000
26	33	143100
26	34	8500
26	35	49700
26	36	36100
26	37	168000
26	38	51100
26	39	69700
26	3	18000
26	40	64100
26	41	72300
26	42	1400
26	43	152100
26	44	25100
26	45	43200
26	47	19000
26	48	100
26	49	47900
26	50	27600
26	51	42100
26	52	12800
26	53	25600
26	54	11700
26	55	2000
26	56	2900
26	58	1400
26	5	33700
26	60	7900
26	62	5300
26	64	19000
26	68	11600
26	69	1200
26	70	1400
26	7	120100
26	83	2700
26	9	135600
27	11	31100
27	12	79900
27	13	91800
27	14	200
27	16	159300
27	18	4800
27	19	57400
27	24	5900
27	25	96300
27	26	171700
27	27	19800
27	28	156200
27	29	78900
27	30	288400
27	31	234200
27	32	61400
27	33	157700
27	34	33000
27	35	178900
27	36	35300
27	37	51300
27	38	6400
27	39	93600
27	3	101800
27	40	33100
27	41	48800
27	42	1400
27	43	87600
27	44	5800
27	45	39200
27	47	24000
27	48	13300
27	49	27500
27	50	3000
27	51	40000
27	52	63700
27	53	30800
27	54	64500
27	55	11800
27	56	37700
27	57	4600
27	58	9700
27	60	1800
27	62	100
27	64	8500
27	65	1100
27	68	8200
27	69	1300
27	70	1400
27	71	300
27	72	100
27	7	190800
27	83	4100
27	9	19200
28	0	101400
28	10	76300
28	11	208700
28	13	115100
28	16	234600
28	18	368900
28	19	480300
28	1	155700
28	20	65400
28	21	150900
28	23	77700
28	24	12600
28	25	206000
28	26	347900
28	27	212800
28	28	438000
28	29	258200
28	2	31800
28	30	227000
28	31	458200
28	32	133100
28	33	150300
28	34	165300
28	35	273500
28	36	121200
28	37	232900
28	38	128500
28	39	308100
28	3	39300
28	40	22000
28	41	203900
28	42	14600
28	43	224200
28	44	24700
28	45	190100
28	46	2300
28	47	120300
28	48	3000
28	49	106500
28	4	99200
28	50	13700
28	51	82200
28	52	25000
28	53	95700
28	54	90700
28	55	70600
28	56	87700
28	57	16400
28	58	73900
28	59	200
28	5	662800
28	60	77800
28	62	73900
28	64	148600
28	65	5900
28	68	111800
28	69	8700
28	70	5100
28	71	4600
28	72	4900
28	74	13900
28	75	500
28	76	100
28	7	186900
28	83	26700
28	8	300
28	9	58300
29	16	1700
29	18	15600
29	19	54200
29	20	26600
29	25	8400
29	26	29400
29	27	12300
29	28	89600
29	29	63600
29	30	155600
29	31	84300
29	32	1800
29	33	10600
29	34	1000
29	35	3800
29	36	800
29	37	17800
29	39	6900
29	3	187200
29	41	43000
29	42	6800
29	43	60900
29	44	200
29	45	15500
29	47	400
29	49	14800
29	50	600
29	51	4500
29	52	8100
29	53	16200
29	54	34300
29	55	3600
29	56	6000
29	58	4800
29	5	48100
29	60	17500
29	62	21000
29	64	30100
29	68	8900
29	69	400
29	70	1200
29	71	1500
29	7	38500
2	13	99700
2	16	154700
2	18	38100
2	19	91000
2	21	246400
2	23	12200
2	26	2100
2	28	119200
2	30	56600
2	31	92500
2	32	6800
2	33	136200
2	34	19300
2	35	93100
2	36	17800
2	37	149100
2	38	61400
2	39	179600
2	40	18200
2	41	201800
2	42	27900
2	43	235800
2	44	10200
2	45	187700
2	46	3700
2	47	283100
2	48	3500
2	49	152600
2	50	26500
2	51	200500
2	52	56500
2	53	99800
2	54	126700
2	55	100700
2	56	223200
2	57	30900
2	58	282400
2	5	583200
2	60	270700
2	62	215900
2	64	708700
2	65	84100
2	66	3300
2	68	543500
2	69	93000
2	70	73700
2	71	50800
2	72	38200
2	74	69400
2	75	14400
2	76	5200
2	77	800
2	83	116200
30	0	171600
30	10	58300
30	11	140200
30	13	30500
30	14	26800
30	16	310000
30	17	71900
30	18	336300
30	19	637000
30	1	150700
30	20	219900
30	21	587800
30	22	3200
30	23	551200
30	24	202800
30	25	130200
30	26	544300
30	27	45300
30	28	627900
30	29	223200
30	2	28800
30	30	755200
30	31	568000
30	32	294800
30	33	641100
30	34	87800
30	35	482300
30	36	262300
30	37	503400
30	38	137000
30	39	449600
30	3	445500
30	40	101500
30	41	402400
30	42	87500
30	43	372700
30	44	29600
30	45	364300
30	46	7300
30	47	440200
30	48	25500
30	49	366100
30	4	390300
30	50	30600
30	51	279400
30	52	73900
30	53	218100
30	54	163600
30	55	155400
30	56	305700
30	57	33600
30	58	355900
30	5	542200
30	60	349000
30	62	249000
30	64	741300
30	65	91800
30	66	6700
30	68	630200
30	69	124600
30	6	12300
30	70	89600
30	71	93100
30	72	64500
30	73	1100
30	74	90900
30	75	20800
30	76	14800
30	77	700
30	7	324600
30	83	210000
30	9	107700
31	0	76600
31	10	403900
31	11	345400
31	13	17200
31	14	1900
31	16	537300
31	17	121000
31	18	438100
31	19	645400
31	1	251100
31	20	78200
31	21	780800
31	22	133500
31	23	397800
31	24	115500
31	25	208700
31	26	636100
31	27	111600
31	28	615300
31	29	364800
31	2	46500
31	30	616500
31	31	826300
31	32	237300
31	33	618400
31	34	80200
31	35	227100
31	36	105400
31	37	403100
31	38	107700
31	39	324700
31	3	80900
31	40	24400
31	41	300200
31	42	32200
31	43	439700
31	44	23800
31	45	413400
31	46	36900
31	47	433300
31	48	23900
31	49	309300
31	4	503300
31	50	24400
31	51	221600
31	52	53000
31	53	131000
31	54	124500
31	55	92700
31	56	214100
31	57	24200
31	58	203200
31	59	200
31	5	331800
31	60	219100
31	62	180900
31	64	587400
31	65	56900
31	66	400
31	68	472700
31	69	62700
31	6	19000
31	70	66300
31	71	68700
31	72	32700
31	73	900
31	74	52900
31	75	8800
31	76	9500
31	77	4200
31	7	285700
31	83	156800
31	9	51800
32	0	71600
32	10	135300
32	11	38400
32	12	31600
32	13	97000
32	16	97500
32	17	52300
32	18	238900
32	19	333300
32	1	4100
32	20	111100
32	21	276700
32	22	13300
32	23	125000
32	24	32000
32	25	108000
32	26	116000
32	27	46400
32	28	124700
32	29	39100
32	2	17600
32	30	142800
32	31	231000
32	32	40200
32	33	332900
32	34	54400
32	35	120300
32	36	54000
32	37	122500
32	38	32300
32	39	235600
32	3	7300
32	40	20000
32	41	88100
32	42	5100
32	43	53900
32	44	7000
32	45	108800
32	46	9400
32	47	72300
32	48	27900
32	49	64300
32	4	123500
32	50	18900
32	51	34300
32	52	8800
32	53	16700
32	54	7200
32	55	6300
32	56	21400
32	57	1400
32	58	14500
32	59	200
32	5	69000
32	60	25600
32	62	14300
32	64	31400
32	65	1600
32	68	21700
32	69	1900
32	70	3100
32	71	3700
32	72	700
32	74	5100
32	7	21300
33	0	49700
33	10	31600
33	11	722900
33	12	203800
33	13	400800
33	14	25300
33	16	209400
33	17	227000
33	18	461500
33	19	620100
33	1	139300
33	20	221500
33	21	1009900
33	22	59500
33	23	636600
33	24	222200
33	25	319300
33	26	579200
33	27	113100
33	28	1042100
33	29	552900
33	2	65300
33	30	733800
33	31	946300
33	32	306300
33	33	889900
33	34	184800
33	35	553900
33	36	247300
33	37	811100
33	38	269800
33	39	827100
33	3	104100
33	40	102800
33	41	951700
33	42	88700
33	43	686600
33	44	48500
33	45	723300
33	46	27700
33	47	543300
33	48	20900
33	49	539000
33	4	781300
33	50	30700
33	51	406900
33	52	105000
33	53	319200
33	54	169800
33	55	148900
33	56	302000
33	57	36100
33	58	261900
33	5	871300
33	60	413500
33	62	310200
33	64	929900
33	65	114200
33	66	5300
33	68	734300
33	69	133200
33	6	14500
33	70	122900
33	71	88000
33	72	56300
33	73	3400
33	74	97100
33	75	8700
33	76	4400
33	77	3000
33	7	465800
33	83	197700
33	9	203900
34	13	98800
34	14	46300
34	19	2800
34	21	4400
34	22	25000
34	23	75600
34	24	62800
34	26	6100
34	28	34600
34	29	17100
34	30	49100
34	31	24500
34	32	17900
34	33	14900
34	34	13100
34	35	45900
34	36	78700
34	37	31800
34	38	7100
34	39	53800
34	40	8200
34	41	18500
34	43	7200
34	45	28800
34	47	4900
34	49	2100
34	4	30100
34	51	1100
34	52	4900
34	53	8700
34	54	1000
34	55	400
34	56	2700
34	57	1000
34	5	100200
34	60	1000
34	64	100
34	68	2000
35	0	311400
35	10	173300
35	11	166500
35	13	114500
35	14	80800
35	15	63200
35	16	663400
35	17	181300
35	18	176300
35	19	287400
35	20	213700
35	21	596200
35	22	8400
35	23	241100
35	24	239300
35	25	91300
35	26	555500
35	27	110000
35	28	587100
35	29	235900
35	2	3000
35	30	591300
35	31	767200
35	32	333100
35	33	646600
35	34	113900
35	35	521600
35	36	261700
35	37	778700
35	38	219500
35	39	664800
35	3	115100
35	40	169300
35	41	433800
35	42	64100
35	43	371900
35	44	15100
35	45	360600
35	46	13300
35	47	207900
35	48	19100
35	49	253600
35	4	537600
35	50	22700
35	51	210900
35	52	54700
35	53	75400
35	54	78100
35	55	64800
35	56	86900
35	57	15800
35	58	100100
35	5	332300
35	60	121000
35	62	85700
35	64	216800
35	65	13300
35	66	300
35	68	156000
35	69	16600
35	70	12300
35	71	11700
35	72	7300
35	73	100
35	74	13300
35	75	1300
35	7	324600
35	83	34900
35	8	247500
35	9	534900
36	10	17600
36	11	300
36	16	82000
36	18	30000
36	19	58400
36	20	69500
36	21	77000
36	23	5600
36	25	1200
36	26	47500
36	27	9900
36	28	43900
36	30	11900
36	31	9600
36	32	64800
36	33	63600
36	34	14100
36	35	114800
36	36	45700
36	37	10100
36	38	11800
36	39	4400
36	3	3400
36	40	6500
36	41	24400
36	42	28200
36	43	46700
36	44	2600
36	45	20400
36	49	2500
36	4	8200
36	50	700
36	51	9000
36	52	400
36	53	1600
36	54	900
36	55	2800
36	56	2100
36	58	7800
36	5	47900
36	60	200
36	64	3300
36	68	5600
36	69	2600
36	70	1100
36	7	31800
36	8	38400
36	9	11700
37	0	63200
37	10	77700
37	11	35300
37	13	74900
37	14	2000
37	15	15400
37	16	58000
37	17	1900
37	18	59400
37	19	59800
37	20	190700
37	21	162300
37	22	56100
37	23	154600
37	24	34000
37	25	135500
37	26	329600
37	27	27600
37	28	374200
37	29	117600
37	30	325400
37	31	327200
37	32	66600
37	33	186000
37	34	39900
37	35	214100
37	36	62800
37	37	131400
37	38	35500
37	39	187200
37	3	90000
37	40	66500
37	41	214900
37	42	9000
37	43	132200
37	44	25400
37	45	193900
37	46	29500
37	47	99800
37	48	2000
37	49	129800
37	4	161900
37	50	17100
37	51	42700
37	52	13800
37	53	49800
37	54	40000
37	55	26200
37	56	49300
37	57	2100
37	58	41100
37	59	500
37	5	119100
37	60	35300
37	62	20700
37	64	72200
37	65	1400
37	68	34100
37	69	3000
37	70	2900
37	71	1100
37	72	500
37	74	3800
37	7	201800
37	83	4400
37	8	215500
37	9	110200
38	0	142400
38	10	60000
38	11	77600
38	13	41100
38	14	17800
38	15	10300
38	16	123100
38	17	8700
38	18	145100
38	19	509400
38	20	131100
38	21	239100
38	22	66300
38	23	139700
38	24	128000
38	25	206400
38	26	316600
38	27	55500
38	28	553000
38	29	102500
38	30	320100
38	31	432500
38	32	73900
38	33	301300
38	34	71200
38	35	214300
38	36	62400
38	37	262700
38	38	96100
38	39	224800
38	3	90000
38	40	30200
38	41	194400
38	42	32100
38	43	141500
38	44	29300
38	45	235400
38	46	28200
38	47	172100
38	48	6300
38	49	134800
38	4	151700
38	50	30900
38	51	116800
38	52	15800
38	53	85400
38	54	70400
38	55	46200
38	56	56400
38	57	3200
38	58	82100
38	5	276100
38	60	84400
38	62	23500
38	64	123400
38	65	6200
38	68	61500
38	69	10500
38	6	7200
38	70	4800
38	71	14100
38	72	5200
38	74	6200
38	7	126700
38	83	19300
38	8	19000
38	9	50800
39	0	5000
39	10	12500
39	13	7000
39	14	23400
39	15	25200
39	19	49400
39	20	48200
39	21	17000
39	22	400
39	23	4900
39	24	4700
39	25	19600
39	26	85300
39	27	700
39	28	59600
39	30	16100
39	31	40100
39	32	3300
39	33	50100
39	34	5100
39	35	36400
39	36	15700
39	37	71100
39	38	41000
39	39	49600
39	40	7600
39	41	26400
39	43	48700
39	44	1800
39	45	43400
39	46	100
39	47	43800
39	48	15100
39	49	8600
39	4	3000
39	50	2800
39	51	16200
39	52	1900
39	53	11700
39	54	6800
39	55	600
39	56	1700
39	58	500
39	5	25600
39	60	2100
39	62	3200
39	64	2800
39	68	3500
39	7	10700
3	11	100
3	13	613800
3	16	547200
3	17	3100
3	18	660900
3	19	499400
3	20	425500
3	21	848400
3	22	1900
3	23	437600
3	24	155300
3	25	208900
3	26	388400
3	27	99400
3	28	249200
3	29	192900
3	2	25100
3	30	463400
3	31	288600
3	32	117000
3	33	433400
3	34	103600
3	35	313100
3	36	84100
3	37	255300
3	38	109800
3	39	418200
3	40	37500
3	41	412600
3	42	19000
3	43	434100
3	44	51400
3	45	403500
3	46	8800
3	47	359000
3	48	23600
3	49	311900
3	50	31100
3	51	269400
3	52	66700
3	53	198300
3	54	132900
3	55	100400
3	56	166300
3	57	15200
3	58	229000
3	59	100
3	5	452000
3	60	339800
3	62	277700
3	64	958400
3	65	166400
3	66	3500
3	68	1054500
3	69	191300
3	6	78700
3	70	190300
3	71	212000
3	72	170600
3	73	7400
3	74	280800
3	75	59000
3	76	24300
3	77	2000
3	7	898300
3	83	351100
40	0	166500
40	10	622100
40	11	267500
40	12	5800
40	13	97400
40	14	233900
40	15	48300
40	16	235800
40	17	41900
40	18	313500
40	19	586400
40	1	54000
40	20	115200
40	21	793300
40	22	34600
40	23	317600
40	24	113800
40	25	86800
40	26	573800
40	27	155700
40	28	285500
40	29	185900
40	30	747500
40	31	570100
40	32	263200
40	33	833500
40	34	81100
40	35	391200
40	36	173600
40	37	563100
40	38	241400
40	39	547200
40	3	73100
40	40	93200
40	41	503500
40	42	129500
40	43	495200
40	44	45600
40	45	366600
40	46	20700
40	47	328900
40	48	16100
40	49	299000
40	4	448100
40	50	14600
40	51	198700
40	52	73200
40	53	161100
40	54	118200
40	55	103100
40	56	166000
40	57	22200
40	58	200000
40	59	5400
40	5	406500
40	60	220900
40	62	96300
40	64	314700
40	65	27800
40	66	1600
40	68	197200
40	69	28400
40	6	62500
40	70	17500
40	71	18200
40	72	13300
40	74	24300
40	75	2700
40	7	195100
40	83	49700
40	8	4100
40	9	266600
41	16	4700
41	21	1400
41	23	6400
41	24	100
41	25	1500
41	37	1800
41	38	2900
41	39	7900
41	40	2000
41	41	9400
41	42	5900
41	43	500
41	52	2200
41	53	6200
41	62	200
41	64	100
41	68	400
42	0	197700
42	10	410900
42	11	422400
42	12	5700
42	13	139600
42	14	54200
42	16	357800
42	17	194200
42	18	313300
42	19	459700
42	1	24200
42	20	40900
42	21	863800
42	22	104300
42	23	479800
42	24	259100
42	25	319700
42	26	556300
42	27	124000
42	28	705000
42	29	186200
42	30	587100
42	31	583300
42	32	234900
42	33	1039100
42	34	135800
42	35	549500
42	36	222100
42	37	689800
42	38	286100
42	39	725200
42	3	67900
42	40	123500
42	41	605800
42	42	142400
42	43	818900
42	44	69200
42	45	636400
42	46	15300
42	47	604800
42	48	36600
42	49	336800
42	4	400600
42	50	35700
42	51	324600
42	52	140500
42	53	243100
42	54	192800
42	55	131300
42	56	191900
42	57	26300
42	58	198600
42	59	3600
42	5	350500
42	60	236300
42	62	139500
42	64	436200
42	65	30600
42	66	1100
42	68	289900
42	69	54200
42	6	53800
42	70	36900
42	71	27300
42	72	23400
42	73	400
42	74	44100
42	75	5500
42	76	4500
42	7	256200
42	83	78300
42	8	60500
42	9	222200
44	0	472000
44	10	457500
44	11	531100
44	12	3200
44	13	37300
44	14	5100
44	16	316500
44	17	224700
44	18	528500
44	19	851900
44	1	59300
44	20	129300
44	21	766000
44	22	15900
44	23	258200
44	24	182500
44	25	290400
44	26	458300
44	27	131200
44	28	1013500
44	29	274100
44	2	132700
44	30	685200
44	31	852900
44	32	187000
44	33	938000
44	34	130900
44	35	671800
44	36	223300
44	37	614300
44	38	239300
44	39	867800
44	3	165500
44	40	215100
44	41	892900
44	42	122500
44	43	853100
44	44	76400
44	45	714800
44	46	26900
44	47	666700
44	48	13400
44	49	458000
44	4	560100
44	50	27000
44	51	361100
44	52	132800
44	53	295100
44	54	243300
44	55	163300
44	56	242900
44	57	35900
44	58	276400
44	59	1200
44	5	924900
44	60	281200
44	62	192400
44	64	627500
44	65	70400
44	66	1400
44	68	492300
44	69	57200
44	6	180500
44	70	66700
44	71	52300
44	72	27800
44	73	2800
44	74	44200
44	75	4100
44	7	462800
44	83	98000
44	8	17600
44	9	335700
46	0	358700
46	10	525900
46	11	423100
46	12	14500
46	13	181800
46	14	10100
46	15	8200
46	16	401800
46	17	190700
46	18	710800
46	19	1315700
46	1	115300
46	20	189300
46	21	999300
46	22	34500
46	23	367100
46	24	136600
46	25	200000
46	26	828200
46	27	86900
46	28	1153600
46	29	513400
46	2	96100
46	30	1028600
46	31	1266000
46	32	316400
46	33	1216000
46	34	199500
46	35	722000
46	36	488900
46	37	901500
46	38	301900
46	39	1266600
46	3	231300
46	40	205000
46	41	1151800
46	42	69200
46	43	1233800
46	44	74200
46	45	1160300
46	46	91800
46	47	1039200
46	48	60500
46	49	857500
46	4	926900
46	50	69000
46	51	771000
46	52	234800
46	53	509300
46	54	387500
46	55	299800
46	56	487200
46	57	60100
46	58	615000
46	59	4800
46	5	1005700
46	60	705200
46	62	460000
46	64	1218600
46	65	96500
46	66	2200
46	68	945700
46	69	150800
46	6	225600
46	70	126900
46	71	93200
46	72	63400
46	73	2500
46	74	115900
46	75	19900
46	76	3600
46	77	1300
46	7	716900
46	83	307400
46	8	12600
46	9	292700
48	0	971300
48	10	560900
48	11	828500
48	12	4600
48	13	158000
48	14	47100
48	15	3300
48	16	791900
48	17	128100
48	18	896100
48	19	1565300
48	1	224300
48	20	166300
48	21	1586800
48	22	30800
48	23	660300
48	24	206800
48	25	331400
48	26	788500
48	27	289100
48	28	1567200
48	29	644500
48	2	186100
48	30	1484100
48	31	1762300
48	32	388100
48	33	1768400
48	34	359200
48	35	1446300
48	36	554700
48	37	1677200
48	38	553300
48	39	1877100
48	3	305400
48	40	234300
48	41	2078700
48	42	186900
48	43	1928300
48	44	146300
48	45	1955800
48	46	92000
48	47	1683200
48	48	70900
48	49	1722100
48	4	1309000
48	50	182800
48	51	1334600
48	52	450100
48	53	971300
48	54	695300
48	55	606000
48	56	1016900
48	57	105200
48	58	1154600
48	59	1400
48	5	1744200
48	60	1284100
48	62	808500
48	64	2655400
48	65	220900
48	66	6900
48	68	1913100
48	69	289800
48	6	311000
48	70	245600
48	71	201600
48	72	112500
48	73	5700
48	74	245000
48	75	36200
48	76	10500
48	77	2100
48	7	889100
48	83	531500
48	8	93800
48	9	215300
50	0	1245000
50	10	687300
50	11	861700
50	12	3200
50	13	212700
50	14	103800
50	15	28800
50	16	1088800
50	17	281400
50	18	1048100
50	19	1557000
50	1	520800
50	20	251400
50	21	1877700
50	22	88000
50	23	936400
50	24	203000
50	25	419200
50	26	949700
50	27	299900
50	28	2188400
50	29	659800
50	2	318900
50	30	1785900
50	31	2275300
50	32	441700
50	33	2442200
50	34	462400
50	35	1762600
50	36	659300
50	37	2411000
50	38	646900
50	39	2610200
50	3	382000
50	40	370600
50	41	2549200
50	42	287900
50	43	2941600
50	44	170100
50	45	2910800
50	46	135000
50	47	2811500
50	48	156800
50	49	2691000
50	4	1408700
50	50	245900
50	51	1957300
50	52	530100
50	53	1569400
50	54	1182500
50	55	907600
50	56	1805800
50	57	195200
50	58	2056500
50	59	6600
50	5	2382600
50	60	2218200
50	62	1539500
50	64	4798900
50	65	456000
50	66	15200
50	68	3775100
50	69	550000
50	6	275800
50	70	435300
50	71	377700
50	72	230300
50	73	10600
50	74	434200
50	75	58200
50	76	29100
50	77	4600
50	78	400
50	7	1370500
50	83	977800
50	8	47300
50	9	354700
52	0	1382300
52	10	408900
52	11	821700
52	12	18800
52	13	350900
52	14	118400
52	15	32100
52	16	754700
52	17	103600
52	18	909300
52	19	1864600
52	1	494600
52	20	212400
52	21	1969900
52	22	19400
52	23	864500
52	24	121600
52	25	317000
52	26	806700
52	27	199900
52	28	1899900
52	29	533900
52	2	176600
52	30	1778400
52	31	2071900
52	32	344900
52	33	2254700
52	34	396300
52	35	1892600
52	36	610300
52	37	2289400
52	38	490700
52	39	2595800
52	3	251500
52	40	308700
52	41	2629400
52	42	197600
52	43	3056700
52	44	153600
52	45	3332700
52	46	85500
52	47	3225600
52	48	173900
52	49	2983600
52	4	1396100
52	50	255100
52	51	2522100
52	52	673500
52	53	1999100
52	54	1456400
52	55	1030200
52	56	2030700
52	57	245900
52	58	2567200
52	59	9200
52	5	2551000
52	60	2821000
52	62	2170100
52	64	7322300
52	65	638000
52	66	24700
52	68	5262400
52	69	844300
52	6	160200
52	70	665200
52	71	591600
52	72	375300
52	73	17200
52	74	765300
52	75	91500
52	76	36400
52	77	4700
52	7	1460200
52	83	1479300
52	8	87400
52	9	235400
53	0	207800
53	10	60900
53	11	99500
53	12	3200
53	13	29700
53	14	200
53	15	900
53	16	83500
53	17	4700
53	18	127500
53	19	174200
53	1	61500
53	20	28200
53	21	233300
53	23	93900
53	24	18700
53	25	6000
53	26	118000
53	27	25900
53	28	253400
53	29	54700
53	2	13400
53	30	167800
53	31	265800
53	32	38000
53	33	255800
53	34	32600
53	35	202900
53	36	88500
53	37	223000
53	38	63900
53	39	291800
53	3	34800
53	40	34300
53	41	362100
53	42	22400
53	43	297400
53	44	8400
53	45	395800
53	46	15000
53	47	392000
53	48	27300
53	49	368900
53	4	199900
53	50	34100
53	51	315800
53	52	90900
53	53	195100
53	54	159900
53	55	149800
53	56	287000
53	57	43700
53	58	320900
53	59	400
53	5	309300
53	60	336400
53	62	236400
53	64	697700
53	65	53200
53	66	400
53	68	453400
53	69	73600
53	6	11200
53	70	59200
53	71	50100
53	72	36500
53	73	300
53	74	68600
53	75	7900
53	76	6100
53	7	215000
53	83	147800
53	8	11100
53	9	23500
54	0	718900
54	10	227300
54	11	491400
54	12	32100
54	13	146900
54	14	18000
54	15	9400
54	16	436400
54	17	61400
54	18	604600
54	19	1046600
54	1	340800
54	20	106900
54	21	988500
54	22	5300
54	23	278100
54	24	88200
54	25	210300
54	26	489100
54	27	112700
54	28	870100
54	29	211300
54	2	97600
54	30	924000
54	31	1189700
54	32	142300
54	33	1050700
54	34	186300
54	35	898400
54	36	285500
54	37	1108300
54	38	342700
54	39	1334500
54	3	66100
54	40	131200
54	41	1467100
54	42	131100
54	43	1547000
54	44	86300
54	45	1716700
54	46	59600
54	47	1802000
54	48	55900
54	49	1572000
54	4	852100
54	50	98800
54	51	1391300
54	52	407100
54	53	1175200
54	54	880200
54	55	696500
54	56	1391700
54	57	167500
54	58	1683600
54	59	11000
54	5	1389300
54	60	1865800
54	62	1467600
54	64	4841000
54	65	478200
54	66	12400
54	68	3814600
54	69	662400
54	6	130100
54	70	500900
54	71	450900
54	72	305900
54	73	12900
54	74	586200
54	75	76100
54	76	26400
54	77	5600
54	7	716500
54	83	1146100
54	8	26800
54	9	49700
55	0	540000
55	10	100300
55	11	533800
55	12	37000
55	13	140600
55	14	25600
55	15	1100
55	16	401700
55	17	58200
55	18	531600
55	19	903200
55	1	420800
55	20	113800
55	21	858600
55	22	14500
55	23	220100
55	24	77800
55	25	183600
55	26	410000
55	27	145700
55	28	673600
55	29	163500
55	2	91900
55	30	689900
55	31	906100
55	32	138200
55	33	877900
55	34	148700
55	35	761700
55	36	194000
55	37	888800
55	38	222900
55	39	1011100
55	3	53500
55	40	134600
55	41	1237700
55	42	92600
55	43	1343100
55	44	68600
55	45	1468600
55	46	53700
55	47	1577100
55	48	54100
55	49	1377200
55	4	715400
55	50	95800
55	51	1259700
55	52	323700
55	53	1087200
55	54	722200
55	55	587500
55	56	1186200
55	57	166000
55	58	1631400
55	59	7600
55	5	971400
55	60	1806400
55	62	1477600
55	64	4596500
55	65	569800
55	66	19800
55	68	4085500
55	69	682400
55	6	140900
55	70	550300
55	71	435400
55	72	302200
55	73	14100
55	74	561900
55	75	81600
55	76	34100
55	77	8000
55	78	1200
55	7	794400
55	83	1203900
55	8	39300
55	9	47100
56	0	52500
56	10	13500
56	11	47300
56	12	12700
56	13	21200
56	14	100
56	16	39400
56	17	1800
56	18	57400
56	19	87100
56	1	54800
56	20	4500
56	21	110000
56	22	5300
56	23	35600
56	24	12900
56	25	36900
56	26	35900
56	27	14700
56	28	80200
56	29	15100
56	2	15800
56	30	79700
56	31	116200
56	32	16200
56	33	103100
56	34	25300
56	35	100100
56	36	25600
56	37	118300
56	38	32600
56	39	119300
56	3	5500
56	40	13200
56	41	127500
56	42	14700
56	43	156600
56	44	13700
56	45	135000
56	46	8700
56	47	200200
56	48	4300
56	49	159400
56	4	91200
56	50	20500
56	51	177900
56	52	60600
56	53	129100
56	54	96100
56	55	56200
56	56	139700
56	57	21300
56	58	206300
56	59	400
56	5	79600
56	60	223300
56	62	145300
56	64	524100
56	65	62100
56	66	1100
56	68	424700
56	69	82400
56	6	33800
56	70	60900
56	71	44100
56	72	29200
56	73	500
56	74	75200
56	75	9600
56	76	7000
56	77	1100
56	7	92400
56	83	116600
56	8	8300
56	9	5600
57	0	587700
57	10	159900
57	11	447300
57	12	39900
57	13	152800
57	14	26300
57	16	283000
57	17	11800
57	18	347900
57	19	876600
57	1	340700
57	20	37900
57	21	714000
57	22	26500
57	23	164700
57	24	64000
57	25	147200
57	26	278600
57	27	107500
57	28	662200
57	29	149900
57	2	62800
57	30	668500
57	31	801600
57	32	121000
57	33	808100
57	34	136700
57	35	704900
57	36	304300
57	37	869500
57	38	168000
57	39	1092900
57	3	76900
57	40	98200
57	41	1311800
57	42	66600
57	43	1163400
57	44	66400
57	45	1332400
57	46	40900
57	47	1442100
57	48	63900
57	49	1332900
57	4	662700
57	50	102000
57	51	1228100
57	52	314800
57	53	1033900
57	54	834800
57	55	696300
57	56	1400200
57	57	184100
57	58	1915400
57	59	3700
57	5	998200
57	60	2312600
57	62	1899000
57	64	6148700
57	65	798900
57	66	30600
57	68	5730900
57	69	1008700
57	6	145300
57	70	806100
57	71	653400
57	72	422500
57	73	16900
57	74	798900
57	75	134500
57	76	57900
57	77	9500
57	78	800
57	7	780600
57	83	1462900
57	8	36700
57	9	68300
58	39	100
58	62	100
58	6	1400
59	0	333100
59	10	102800
59	11	243600
59	12	500
59	13	33700
59	14	31300
59	16	143800
59	17	25900
59	18	272100
59	19	651300
59	1	176100
59	20	42000
59	21	371000
59	22	35100
59	23	137900
59	24	35700
59	25	58300
59	26	176800
59	27	31500
59	28	353000
59	29	123100
59	2	67100
59	30	429300
59	31	581900
59	32	68100
59	33	636000
59	34	102000
59	35	302300
59	36	140800
59	37	440000
59	38	110700
59	39	584100
59	3	45900
59	40	80800
59	41	621800
59	42	29500
59	43	752900
59	44	32800
59	45	707200
59	46	12600
59	47	885500
59	48	27400
59	49	799500
59	4	371300
59	50	62700
59	51	690400
59	52	147900
59	53	609200
59	54	517300
59	55	416300
59	56	822800
59	57	109600
59	58	1191500
59	59	3700
59	5	763600
59	60	1507400
59	62	1465000
59	64	4595200
59	65	691700
59	66	42100
59	68	4599700
59	69	880600
59	6	60800
59	70	705000
59	71	586700
59	72	383800
59	73	14500
59	74	733800
59	75	129900
59	76	56200
59	77	9300
59	7	579500
59	83	1224200
59	8	18600
59	9	9200
61	0	174500
61	10	58000
61	11	138700
61	12	1400
61	13	19300
61	14	14900
61	16	100500
61	17	10000
61	18	158200
61	19	401500
61	1	153600
61	20	6000
61	21	316500
61	22	14100
61	23	29700
61	24	9200
61	25	9700
61	26	111400
61	27	19200
61	28	214200
61	29	25700
61	2	59500
61	30	239700
61	31	273400
61	32	12600
61	33	332500
61	34	57500
61	35	169900
61	36	79000
61	37	308600
61	38	56300
61	39	369800
61	3	28900
61	40	41000
61	41	356600
61	42	10900
61	43	389100
61	44	30800
61	45	426000
61	46	12100
61	47	447300
61	48	26100
61	49	488400
61	4	207600
61	50	37700
61	51	447800
61	52	106000
61	53	367200
61	54	309500
61	55	254400
61	56	553700
61	57	63100
61	58	776300
61	59	1500
61	5	338000
61	60	1043200
61	62	994200
61	64	3448300
61	65	541400
61	66	24600
61	68	3468900
61	69	718200
61	6	8200
61	70	582100
61	71	450700
61	72	325500
61	73	24100
61	74	546400
61	75	99600
61	76	26300
61	77	12400
61	78	100
61	7	225500
61	83	894900
61	8	6100
61	9	1100
63	0	85700
63	10	28800
63	11	126500
63	12	1400
63	13	11100
63	14	8200
63	16	58200
63	17	100
63	18	181900
63	19	218500
63	1	118700
63	20	2100
63	21	177400
63	22	3400
63	23	32700
63	24	19400
63	25	4200
63	26	75700
63	27	27300
63	28	180000
63	29	42400
63	2	27500
63	30	188900
63	31	227700
63	32	12000
63	33	226000
63	34	8300
63	35	165400
63	36	56300
63	37	259300
63	38	36800
63	39	269700
63	3	13300
63	40	15600
63	41	312700
63	42	16000
63	43	250300
63	44	8500
63	45	278600
63	47	251200
63	48	16200
63	49	359300
63	4	181600
63	50	30800
63	51	355500
63	52	63600
63	53	306200
63	54	236100
63	55	170500
63	56	423500
63	57	37100
63	58	595900
63	59	1300
63	5	225800
63	60	824400
63	62	850300
63	64	2948100
63	65	517800
63	66	27700
63	68	3046800
63	69	626900
63	70	562100
63	71	483300
63	72	370200
63	73	24600
63	74	619400
63	75	105400
63	76	50200
63	77	4500
63	7	139900
63	83	815600
63	8	4900
65	0	10500
65	10	3000
65	11	11500
65	13	4000
65	14	100
65	16	20300
65	18	12000
65	19	34100
65	1	14600
65	20	3000
65	21	15900
65	23	12500
65	24	1400
65	26	1100
65	27	8400
65	28	36600
65	29	6700
65	2	5300
65	30	10000
65	31	37500
65	33	27800
65	35	30500
65	36	9600
65	37	57400
65	38	5000
65	39	24100
65	3	1200
65	40	8200
65	41	34500
65	42	100
65	43	31400
65	44	500
65	45	36000
65	47	41400
65	48	1200
65	49	39600
65	4	17700
65	50	5800
65	51	57500
65	52	6000
65	53	44400
65	54	20400
65	55	20700
65	56	84100
65	57	5200
65	58	126000
65	5	23500
65	60	137700
65	62	124100
65	64	492300
65	65	88800
65	66	4800
65	68	602400
65	69	138800
65	70	123200
65	71	97600
65	72	76700
65	73	4500
65	74	140800
65	75	29600
65	76	6300
65	77	2500
65	78	100
65	7	8700
65	83	166300
66	0	58100
66	10	7600
66	11	31300
66	12	100
66	13	6900
66	14	1500
66	16	31000
66	18	49500
66	19	87300
66	1	30000
66	20	6800
66	21	51700
66	23	19000
66	24	6900
66	25	4100
66	26	6600
66	27	2800
66	28	78300
66	29	13600
66	2	13300
66	30	91100
66	31	112900
66	32	11200
66	33	62000
66	34	6300
66	35	39000
66	36	7200
66	37	84100
66	38	10800
66	39	106200
66	3	3800
66	40	4400
66	41	88700
66	42	9700
66	43	118900
66	44	5200
66	45	139800
66	46	1600
66	47	122300
66	48	1200
66	49	118600
66	4	65500
66	50	18200
66	51	108600
66	52	30800
66	53	135400
66	54	90400
66	55	76500
66	56	182800
66	57	17300
66	58	299800
66	59	100
66	5	90700
66	60	369200
66	62	325400
66	64	1218300
66	65	234300
66	66	13200
66	68	1504900
66	69	327900
66	70	315100
66	71	278400
66	72	180400
66	73	11500
66	74	323600
66	75	70900
66	76	22200
66	77	6300
66	7	48300
66	83	465200
67	0	98500
67	10	22200
67	11	60700
67	13	11400
67	14	2400
67	16	50300
67	17	1000
67	18	84600
67	19	164500
67	1	75400
67	20	14500
67	21	121200
67	23	19200
67	24	4900
67	25	9000
67	26	21300
67	27	13200
67	28	96400
67	29	23600
67	2	14800
67	30	135600
67	31	159900
67	32	9900
67	33	104400
67	34	7300
67	35	76000
67	36	21400
67	37	153400
67	38	29200
67	39	171200
67	3	4700
67	40	16500
67	41	236700
67	42	5700
67	43	225600
67	44	10800
67	45	218000
67	46	8100
67	47	255200
67	48	7800
67	49	218800
67	4	130400
67	50	13100
67	51	209500
67	52	39800
67	53	232700
67	54	178700
67	55	128100
67	56	271400
67	57	31000
67	58	423000
67	59	400
67	5	189800
67	60	626000
67	62	614900
67	64	2341400
67	65	414700
67	66	23200
67	68	2864000
67	69	661600
67	70	590100
67	71	513400
67	72	394000
67	73	21900
67	74	697700
67	75	120600
67	76	43200
67	77	12600
67	78	1600
67	7	91800
67	83	905500
67	8	3300
67	9	900
68	0	500
68	10	1400
68	16	1700
68	18	5700
68	19	1500
68	1	2500
68	20	200
68	21	1800
68	26	1400
68	28	400
68	29	100
68	30	5400
68	31	4200
68	32	12600
68	33	800
68	35	3300
68	36	600
68	37	6000
68	38	2900
68	39	11000
68	41	10600
68	43	4600
68	44	100
68	45	11400
68	47	7900
68	49	3300
68	4	1200
68	51	9100
68	52	300
68	53	7600
68	54	5100
68	55	3000
68	56	14200
68	58	16800
68	5	3000
68	60	35400
68	62	26400
68	64	121300
68	65	27300
68	66	1900
68	68	156700
68	69	42600
68	70	36800
68	71	35700
68	72	21300
68	73	1400
68	74	37900
68	75	7100
68	76	900
68	77	1000
68	7	1300
68	83	34700
69	0	31100
69	10	15500
69	11	15000
69	13	2600
69	14	700
69	16	13900
69	18	32900
69	19	34600
69	1	24800
69	20	6300
69	21	34300
69	23	2200
69	24	100
69	25	1800
69	26	7500
69	27	1100
69	28	21800
69	29	5200
69	2	3900
69	30	57900
69	31	77800
69	32	6700
69	33	41900
69	34	2000
69	35	16500
69	36	700
69	37	30800
69	38	14900
69	39	84600
69	3	600
69	40	5100
69	41	51700
69	42	2700
69	43	56000
69	44	6700
69	45	81000
69	46	900
69	47	83100
69	48	100
69	49	54900
69	4	28400
69	50	1600
69	51	56200
69	52	20700
69	53	52600
69	54	47700
69	55	24600
69	56	98700
69	57	6900
69	58	143400
69	59	100
69	5	57500
69	60	200700
69	62	221000
69	64	893800
69	65	157600
69	66	4500
69	68	1086900
69	69	228800
69	70	201600
69	71	196100
69	72	149200
69	73	6500
69	74	241500
69	75	49300
69	76	17000
69	77	6900
69	78	100
69	7	41900
69	83	320400
69	9	2300
6	0	130200
6	10	15800
6	11	1818600
6	12	357400
6	13	891300
6	14	982500
6	15	160500
6	16	1189000
6	17	866700
6	18	2210500
6	19	2222300
6	1	318700
6	20	364000
6	21	3354600
6	22	7100
6	23	823700
6	24	826400
6	25	670700
6	26	1053700
6	27	136400
6	28	1653200
6	29	885800
6	2	412200
6	30	929100
6	31	1190200
6	32	549100
6	33	1108500
6	34	359600
6	35	1398500
6	36	504600
6	37	1232100
6	38	383300
6	39	1357400
6	40	228500
6	41	1004300
6	42	161400
6	43	1125900
6	44	43900
6	45	1040500
6	46	29700
6	47	890000
6	48	80200
6	49	634400
6	4	637300
6	50	43000
6	51	452600
6	52	95500
6	53	301100
6	54	217500
6	55	136100
6	56	259300
6	57	39600
6	58	326600
6	5	3010200
6	60	388800
6	62	305300
6	64	984700
6	65	85000
6	66	2200
6	68	716500
6	69	109500
6	6	63200
6	70	82300
6	71	78700
6	72	47900
6	73	1400
6	74	105500
6	75	16200
6	76	3600
6	77	600
6	7	1280100
6	83	227200
6	9	627200
70	0	26700
70	10	22300
70	11	20300
70	13	1100
70	14	1400
70	16	15500
70	18	33500
70	19	47000
70	1	16900
70	20	2500
70	21	30900
70	23	4500
70	24	700
70	25	2700
70	26	9500
70	27	2000
70	28	21900
70	29	2200
70	2	1800
70	30	42500
70	31	56500
70	32	7700
70	33	49200
70	34	2900
70	35	26200
70	36	2100
70	37	35000
70	38	6800
70	39	51300
70	3	2900
70	40	2300
70	41	59600
70	42	1100
70	43	74400
70	44	2900
70	45	79100
70	46	1800
70	47	66100
70	48	1300
70	49	57200
70	4	33400
70	50	3400
70	51	74400
70	52	7400
70	53	62900
70	54	44800
70	55	35600
70	56	80100
70	57	7100
70	58	116900
70	59	300
70	5	60300
70	60	182200
70	62	201200
70	64	844800
70	65	142900
70	66	6000
70	68	1063800
70	69	216800
70	70	209300
70	71	196100
70	72	145900
70	73	6700
70	74	247300
70	75	38400
70	76	9700
70	77	5300
70	78	300
70	7	47000
70	83	318500
71	0	26200
71	10	27100
71	11	16200
71	13	1600
71	14	1800
71	16	8000
71	18	30600
71	19	41400
71	1	17200
71	20	2600
71	21	22300
71	23	6300
71	25	400
71	26	6200
71	28	26200
71	29	3000
71	2	1000
71	30	34800
71	31	33100
71	32	600
71	33	41600
71	34	2200
71	35	19900
71	36	5600
71	37	42100
71	38	14600
71	39	41700
71	3	600
71	40	1600
71	41	44300
71	42	2100
71	43	65900
71	44	2000
71	45	58200
71	46	1300
71	47	50300
71	48	5200
71	49	58000
71	4	45000
71	50	3900
71	51	67400
71	52	14700
71	53	51100
71	54	31700
71	55	25900
71	56	58800
71	57	3000
71	58	87400
71	5	40700
71	60	133200
71	62	130700
71	64	644200
71	65	115900
71	66	3800
71	68	834700
71	69	202600
71	70	193700
71	71	161700
71	72	127900
71	73	5600
71	74	197700
71	75	28900
71	76	15400
71	77	1200
71	78	200
71	7	27900
71	83	311600
72	0	12900
72	10	10700
72	11	15300
72	13	2600
72	14	5600
72	16	8600
72	18	27700
72	19	27400
72	1	25400
72	20	3700
72	21	17400
72	23	1400
72	25	400
72	26	1100
72	28	23600
72	29	1000
72	2	1100
72	30	29100
72	31	31400
72	32	600
72	33	25600
72	34	400
72	35	13200
72	36	4200
72	37	33800
72	38	10600
72	39	36800
72	40	1100
72	41	33400
72	42	300
72	43	36300
72	44	3700
72	45	40200
72	46	100
72	47	50300
72	48	2900
72	49	46500
72	4	24100
72	50	300
72	51	36700
72	52	10600
72	53	42400
72	54	22000
72	55	16800
72	56	55700
72	57	3200
72	58	67500
72	5	31400
72	60	89400
72	62	96300
72	64	478800
72	65	70600
72	66	8000
72	68	666500
72	69	155400
72	70	148700
72	71	129100
72	72	106000
72	73	3200
72	74	159900
72	75	35000
72	76	10300
72	77	7300
72	7	21700
72	83	261800
73	0	21500
73	10	53300
73	11	21100
73	13	12200
73	16	11600
73	18	11300
73	19	44000
73	1	12200
73	20	11900
73	21	43200
73	23	800
73	25	3100
73	26	12600
73	28	66500
73	29	100
73	2	2600
73	30	56700
73	31	41100
73	32	1600
73	33	46900
73	34	2500
73	35	42100
73	36	9100
73	37	32800
73	38	9600
73	39	84200
73	40	5200
73	41	50800
73	42	2100
73	43	67000
73	44	6200
73	45	65200
73	47	66200
73	48	2100
73	49	61800
73	4	59500
73	50	3800
73	51	46100
73	52	24800
73	53	53500
73	54	46600
73	55	26100
73	56	76500
73	57	5700
73	58	108600
73	59	400
73	5	50200
73	60	159900
73	62	185800
73	64	760200
73	65	135800
73	66	8500
73	68	1058200
73	69	266300
73	70	218000
73	71	178300
73	72	150900
73	73	8500
73	74	333100
73	75	74000
73	76	30200
73	77	12300
73	7	17300
73	83	453000
77	4	600
78	10	600
78	28	800
78	2	100
78	31	200
78	37	1900
78	45	200
78	4	300
78	56	200
78	60	400
78	62	3600
78	64	5000
78	65	800
78	68	5900
78	69	700
78	70	1500
78	71	2600
78	72	2000
78	74	2300
78	83	2900
79	19	500
79	2	2000
79	31	4000
79	43	900
79	45	1200
79	47	1700
79	58	1000
79	5	1600
79	60	800
79	62	1000
79	64	1600
79	65	3100
79	66	1900
79	68	17800
79	69	3900
79	70	2900
79	71	1900
79	72	3600
79	74	2700
79	75	800
79	83	3900
7	0	465700
7	11	1269800
7	13	145500
7	14	87300
7	16	3251900
7	17	861300
7	18	1378000
7	19	1553800
7	1	372900
7	20	570300
7	21	1083200
7	22	600
7	23	171000
7	24	327600
7	25	140500
7	26	775600
7	27	240300
7	28	1507700
7	29	293900
7	2	18600
7	30	889500
7	31	1216200
7	32	386400
7	33	1229900
7	34	137700
7	35	665700
7	36	241100
7	37	1283800
7	38	453500
7	39	1581300
7	3	877400
7	40	181200
7	41	1482800
7	42	66600
7	43	1408700
7	44	127900
7	45	1306900
7	46	29300
7	47	1194700
7	48	49000
7	49	837800
7	4	1205400
7	50	60600
7	51	856000
7	52	223900
7	53	716600
7	54	514400
7	55	416600
7	56	821700
7	57	107300
7	58	913600
7	5	1398100
7	60	993100
7	62	689200
7	64	2334900
7	65	236000
7	66	6400
7	68	1862300
7	69	329200
7	6	1067200
7	70	252100
7	71	219000
7	72	151500
7	73	4300
7	74	265300
7	75	31400
7	76	19300
7	77	3700
7	7	1888300
7	83	565200
7	9	67600
80	16	900
80	56	700
80	65	200
80	68	1100
80	69	200
80	70	800
80	74	200
80	83	1400
83	0	137500
83	10	27600
83	11	86700
83	12	700
83	13	20000
83	14	600
83	15	400
83	16	93000
83	17	1200
83	18	150600
83	19	244900
83	1	112400
83	20	8300
83	21	163300
83	22	200
83	23	5000
83	24	2600
83	25	4900
83	26	25000
83	27	1200
83	28	173600
83	29	18600
83	2	39400
83	30	181000
83	31	264100
83	32	3900
83	33	229100
83	34	15600
83	35	123400
83	36	33500
83	37	202500
83	38	28300
83	39	283800
83	3	1900
83	40	17200
83	41	326200
83	42	12800
83	43	350800
83	44	17800
83	45	395600
83	46	5500
83	47	385100
83	48	9600
83	49	379900
83	4	202500
83	50	17900
83	51	353100
83	52	65600
83	53	320000
83	54	249900
83	55	189500
83	56	449800
83	57	38600
83	58	577400
83	59	700
83	5	369400
83	60	800800
83	62	802300
83	64	3568300
83	65	474600
83	66	36100
83	68	4559300
83	69	982900
83	6	2700
83	70	905800
83	71	806900
83	72	572800
83	73	34500
83	74	1231700
83	75	250000
83	76	111600
83	77	27500
83	78	400
83	7	176400
83	83	2344800
83	9	1900
8	0	162600
8	10	286600
8	11	305900
8	13	362500
8	14	233700
8	16	24200
8	17	6900
8	18	469600
8	19	257800
8	1	600
8	20	25800
8	21	755200
8	22	103700
8	23	343700
8	24	122100
8	25	47900
8	26	348200
8	27	184200
8	28	441600
8	29	78700
8	30	283900
8	31	211700
8	32	151800
8	33	352500
8	34	79300
8	35	64800
8	36	53500
8	37	211900
8	38	17700
8	39	223500
8	40	43200
8	41	384100
8	42	42000
8	43	386900
8	44	16800
8	45	371500
8	46	11100
8	47	254800
8	48	19700
8	49	255900
8	4	1153000
8	50	12600
8	51	138600
8	52	44000
8	53	154200
8	54	89400
8	55	64900
8	56	106500
8	57	2100
8	58	115400
8	5	834900
8	60	119600
8	62	102400
8	64	271700
8	65	27900
8	66	3200
8	68	156200
8	69	11100
8	6	1233500
8	70	12700
8	71	6200
8	72	7000
8	74	8600
8	75	800
8	76	600
8	7	149100
8	83	51300
8	9	41000
9	0	160000
9	11	64700
9	13	455700
9	16	1103500
9	17	331500
9	18	851100
9	19	740500
9	1	1044500
9	20	210700
9	21	678600
9	22	80500
9	23	251500
9	24	116500
9	25	182500
9	26	460300
9	27	64100
9	28	551700
9	29	305200
9	2	890500
9	30	637600
9	31	613600
9	32	262200
9	33	801200
9	34	217700
9	35	661900
9	36	235900
9	37	684200
9	38	269400
9	39	793700
9	40	80200
9	41	724200
9	42	79600
9	43	686400
9	44	55900
9	45	596900
9	46	10200
9	47	582800
9	48	37100
9	49	483800
9	4	207200
9	50	40100
9	51	456700
9	52	139900
9	53	449500
9	54	309900
9	55	243700
9	56	390900
9	57	34900
9	58	385200
9	59	1500
9	5	961800
9	60	421900
9	62	352400
9	64	1108000
9	65	109700
9	66	3000
9	68	728800
9	69	101300
9	70	89300
9	71	60600
9	72	36900
9	74	96400
9	75	26300
9	76	2000
9	77	2900
9	7	587700
9	83	170600
9	9	184900
