0	12	308600
0	13	95000
0	15	204900
0	20	40700
0	21	292100
0	22	6200
0	23	99800
0	24	400
0	25	225600
0	26	61800
0	27	105200
0	28	99800
0	29	198000
0	30	101000
0	31	318000
0	32	71100
0	33	527600
0	34	20000
0	35	271700
0	36	86200
0	37	123500
0	38	331200
0	39	5700
0	40	216900
0	42	338200
0	44	488300
0	46	544900
0	48	773000
0	50	1058700
0	51	3500
0	52	784800
0	53	272200
0	54	291200
0	55	632300
0	56	1600
0	57	473300
0	59	246100
0	61	203100
0	63	217600
0	65	48400
0	66	80700
0	67	193200
0	69	43800
0	6	999500
0	70	47500
0	71	39600
0	72	20400
0	73	44700
0	83	265900
0	8	56400
0	9	83000
10	13	61000
10	15	444900
10	20	330500
10	21	33100
10	22	429900
10	23	666400
10	24	179800
10	25	7900
10	27	109200
10	28	56900
10	29	219200
10	30	50600
10	31	323200
10	32	41700
10	33	141600
10	34	139100
10	35	245600
10	36	9900
10	37	11700
10	38	113000
10	39	49600
10	40	257800
10	42	280000
10	44	194300
10	46	442600
10	48	404100
10	50	300800
10	52	187100
10	53	80800
10	54	47600
10	55	71400
10	56	200
10	57	32500
10	59	3500
10	61	1300
10	63	4600
10	65	100
10	66	900
10	67	8100
10	70	100
10	83	8700
10	9	26000
11	10	138000
11	11	119200
11	13	479000
11	15	698500
11	17	241900
11	18	42700
11	19	123000
11	21	135700
11	22	122200
11	23	189600
11	24	105300
11	25	81200
11	26	105500
11	27	489200
11	28	7300
11	29	10400
11	30	200
11	31	69300
11	33	226400
11	34	4200
11	35	132300
11	36	32500
11	37	63200
11	38	214000
11	39	3700
11	40	82100
11	42	190100
11	44	301600
11	46	303600
11	48	511600
11	50	817200
11	51	2000
11	52	1149200
11	53	113900
11	54	113000
11	55	185400
11	56	300
11	57	164000
11	59	78700
11	61	26800
11	63	22300
11	65	4700
11	66	16800
11	67	20900
11	69	1800
11	70	10000
11	71	7200
11	72	3200
11	73	7200
11	80	700
11	83	119300
11	8	254600
11	9	133100
12	11	18700
12	12	104200
12	15	16100
12	21	5600
12	23	36600
12	27	300
12	28	4700
12	29	64400
12	30	5900
12	31	15700
12	32	59700
12	33	168300
12	35	13400
12	36	3800
12	37	12600
12	38	13500
12	40	75300
12	42	76400
12	44	124100
12	46	108100
12	48	194400
12	50	189800
12	52	156300
12	53	32800
12	54	31600
12	55	105500
12	56	2800
12	57	41700
12	59	4900
12	61	9100
12	63	1700
12	65	100
12	66	1500
12	67	7300
12	69	800
12	70	7400
12	71	7900
12	72	2300
12	73	3500
12	83	13500
12	9	32400
13	10	6300
13	11	359700
13	12	48600
13	13	292000
13	15	299800
13	20	43500
13	21	114000
13	22	88400
13	23	267700
13	25	102600
13	27	122900
13	28	48200
13	29	28400
13	30	99200
13	31	139400
13	32	92300
13	33	198400
13	34	35900
13	35	66200
13	36	8300
13	37	159500
13	38	189500
13	39	13000
13	40	198800
13	42	194400
13	44	277900
13	46	353800
13	48	468300
13	4	145800
13	50	567800
13	52	702300
13	53	189500
13	54	189500
13	55	315800
13	56	5200
13	57	246400
13	59	110500
13	61	107400
13	63	69400
13	65	14000
13	66	24700
13	67	68300
13	69	14700
13	6	271200
13	70	23500
13	71	11500
13	72	4300
13	7	59800
13	83	80600
13	8	97300
13	9	94900
14	11	73800
14	12	900700
14	13	809600
14	15	35100
14	19	171300
14	20	88800
14	21	84800
14	23	27500
14	24	25400
14	25	2400
14	28	103200
14	29	506800
14	30	105400
14	31	87200
14	33	108800
14	34	18200
14	35	168100
14	36	57300
14	37	82600
14	38	215100
14	39	55700
14	40	94900
14	42	64700
14	44	142000
14	46	182700
14	48	358800
14	4	11900
14	50	265500
14	52	117500
14	53	47600
14	54	64400
14	55	100900
14	56	3700
14	57	81900
14	59	38300
14	61	22600
14	63	9900
14	66	3700
14	67	3900
14	6	279200
14	70	300
14	71	200
14	72	1700
14	73	300
14	83	11800
15	10	131300
15	11	703000
15	12	411200
15	13	820300
15	15	959000
15	17	44200
15	18	56600
15	19	1300
15	20	153200
15	21	328000
15	22	10400
15	23	168200
15	24	1500
15	25	147500
15	26	197000
15	27	298800
15	28	317200
15	29	362200
15	30	168200
15	31	563700
15	32	56900
15	33	536300
15	34	26900
15	35	213000
15	36	28900
15	37	127100
15	38	160300
15	39	2600
15	40	265700
15	42	373500
15	44	586800
15	46	771600
15	48	1400200
15	4	285600
15	50	1871300
15	51	200
15	52	2782500
15	53	619200
15	54	606300
15	55	1028800
15	56	11900
15	57	864700
15	59	470100
15	61	313100
15	63	288100
15	65	58200
15	66	113800
15	67	239800
15	68	400
15	69	40900
15	6	1109500
15	70	57400
15	71	52000
15	72	47500
15	73	100100
15	7	276800
15	83	468800
15	8	7000
15	9	173800
17	10	38600
17	11	203500
17	12	100200
17	13	291700
17	15	567600
17	17	125200
17	18	2100
17	19	13700
17	20	52300
17	21	118400
17	22	12100
17	23	200
17	25	281000
17	26	42100
17	27	78900
17	28	321600
17	29	343800
17	2	126000
17	30	144300
17	31	107800
17	32	39400
17	33	241900
17	34	13400
17	35	164700
17	36	14300
17	37	42900
17	38	55400
17	39	900
17	40	93100
17	42	120600
17	44	205600
17	46	253200
17	48	351300
17	4	33600
17	50	669300
17	51	900
17	52	1058200
17	53	151600
17	54	174500
17	55	282000
17	57	146400
17	59	92800
17	61	36800
17	63	54800
17	65	14100
17	66	23900
17	67	33400
17	69	12700
17	70	10500
17	71	6000
17	72	3400
17	73	10600
17	7	96400
17	83	57800
17	8	133800
17	9	427500
18	29	600
19	10	1200
19	11	5800
19	12	6600
19	13	66500
19	15	230400
19	17	102700
19	18	58500
19	19	143500
19	20	182000
19	21	101600
19	23	7600
19	24	3200
19	25	232200
19	26	2200
19	27	300
19	28	15000
19	29	214500
19	2	10500
19	30	201300
19	31	281300
19	32	21800
19	33	161300
19	34	11000
19	35	55600
19	36	7600
19	37	33500
19	38	37400
19	40	133500
19	42	61600
19	44	90400
19	46	166900
19	48	197200
19	50	206400
19	52	181700
19	53	36400
19	54	36800
19	55	95200
19	57	67900
19	59	22500
19	61	10200
19	63	13500
19	65	800
19	66	1600
19	67	4800
19	69	100
19	70	1800
19	71	8700
19	72	7200
19	73	6700
19	7	429700
19	83	14800
19	8	41300
1	10	733500
1	11	918200
1	12	1355000
1	13	386300
1	15	1316700
1	17	314400
1	18	387000
1	19	386200
1	20	93600
1	21	4600
1	22	98500
1	23	399500
1	24	240100
1	25	643700
1	26	238400
1	27	568500
1	28	712700
1	29	662900
1	30	368100
1	31	1493400
1	32	461400
1	33	1272400
1	34	357300
1	35	1214900
1	36	381700
1	37	806400
1	38	698500
1	39	212700
1	40	615200
1	41	3800
1	42	714400
1	44	443100
1	46	526100
1	48	1417700
1	50	2060300
1	51	200
1	52	1614100
1	53	535200
1	54	587700
1	55	1137200
1	56	3300
1	57	984700
1	59	659200
1	61	478900
1	63	453200
1	65	84500
1	66	177500
1	67	371300
1	69	88300
1	70	120000
1	71	98900
1	72	60400
1	73	121200
1	77	2300
1	79	1000
1	83	773800
1	8	1133200
1	9	202500
20	13	41500
20	15	7600
20	17	234400
20	18	26800
20	19	96500
20	20	145400
20	21	277500
20	33	160300
20	34	1600
20	35	1400
20	46	4300
20	48	2800
20	6	30700
20	7	142400
21	17	100
21	20	200
21	23	37600
21	25	2000
21	39	6500
21	40	44100
21	42	100900
21	44	117600
21	46	117000
21	48	37200
21	50	34900
21	52	6300
21	53	500
21	54	800
21	55	21300
21	57	1600
22	10	46200
22	13	32300
22	15	220900
22	17	2900
22	18	166800
22	19	80900
22	20	31500
22	21	218500
22	22	59200
22	23	37600
22	24	28500
22	25	28700
22	26	1500
22	27	102900
22	28	142100
22	29	110600
22	30	122500
22	31	200700
22	32	18600
22	33	41800
22	34	1400
22	35	89000
22	36	39400
22	37	22200
22	38	60500
22	39	2500
22	40	130300
22	42	152200
22	44	124700
22	46	116100
22	48	312200
22	4	2800
22	50	601100
22	51	100
22	52	701500
22	53	75700
22	54	91300
22	55	174400
22	57	121500
22	59	64900
22	61	24700
22	63	23000
22	65	4900
22	66	8100
22	67	17800
22	69	600
22	6	53000
22	70	3100
22	71	2300
22	73	2000
22	7	68700
22	83	28500
23	10	187400
23	11	213400
23	12	193400
23	13	165400
23	15	613300
23	17	1500
23	18	2500
23	19	98100
23	20	208300
23	21	781900
23	22	185600
23	23	651600
23	24	195700
23	25	81700
23	26	143400
23	27	310800
23	28	239400
23	29	121700
23	30	92800
23	31	281300
23	32	61500
23	33	252600
23	34	7000
23	35	89300
23	36	900
23	37	32600
23	38	137500
23	39	17100
23	40	191700
23	42	389200
23	44	312300
23	46	359900
23	48	437900
23	4	67500
23	50	609100
23	51	1500
23	52	546600
23	53	161200
23	54	149400
23	55	270900
23	56	600
23	57	239000
23	59	93800
23	61	65900
23	63	45500
23	65	11100
23	66	31800
23	67	41000
23	69	3900
23	6	151100
23	70	16000
23	71	16700
23	72	20100
23	73	63500
23	77	100
23	78	900
23	7	118700
23	83	163200
23	8	107200
23	9	43300
24	11	300
24	12	5800
24	20	94800
24	21	572300
24	22	60900
24	23	50300
24	24	104500
24	25	195700
24	26	30400
24	27	26200
24	28	44500
24	29	91800
24	31	700
24	32	27300
24	33	305600
24	34	42300
24	35	329400
24	36	48700
24	37	49600
24	38	27500
24	40	21300
24	41	3400
24	42	135100
24	44	169800
24	46	218400
24	48	186600
24	50	209100
24	51	700
24	52	235300
24	53	93400
24	54	92900
24	55	174700
24	56	7200
24	57	124300
24	59	26600
24	61	21800
24	63	11600
24	65	8400
24	66	4200
24	67	7900
24	6	2400
24	70	800
24	71	4300
24	7	416600
24	83	3900
24	8	69400
25	10	2800
25	11	229500
25	12	71300
25	13	126200
25	14	78000
25	15	319300
25	19	2000
25	20	246100
25	21	379100
25	22	296000
25	23	305200
25	24	73700
25	25	357700
25	26	80000
25	27	153900
25	28	356600
25	29	53100
25	30	61400
25	31	281500
25	32	15600
25	33	121200
25	35	230700
25	36	129500
25	37	60500
25	38	132900
25	39	22200
25	40	126200
25	42	175200
25	44	277300
25	46	247200
25	48	326000
25	4	144700
25	50	441300
25	52	427200
25	53	160000
25	54	158300
25	55	217300
25	56	1800
25	57	204100
25	59	70100
25	61	37900
25	63	38700
25	65	3000
25	66	18500
25	67	23400
25	69	8400
25	6	17400
25	70	14000
25	71	10600
25	72	5100
25	73	16000
25	7	190700
25	83	62900
25	8	277700
25	9	25100
26	11	64200
26	14	300
26	15	53900
26	18	4300
26	19	68900
26	20	20800
26	21	9900
26	22	10600
26	23	472400
26	24	155400
26	25	110300
26	26	50800
26	27	19700
26	28	322700
26	30	39100
26	31	193700
26	32	2700
26	33	136200
26	34	7700
26	35	51100
26	36	15000
26	37	21300
26	38	23500
26	39	3100
26	40	15500
26	42	50000
26	44	78100
26	46	126500
26	48	95600
26	4	1000
26	50	85000
26	51	100
26	52	88700
26	53	17200
26	54	16200
26	55	51000
26	57	19000
26	59	27800
26	61	12700
26	63	11300
26	65	100
26	66	1400
26	67	5100
26	69	1000
26	70	1300
26	71	900
26	72	1700
26	73	1600
26	83	6300
26	8	22000
26	9	28200
27	11	150400
27	12	5600
27	13	25500
27	15	900
27	18	44500
27	19	11200
27	21	93100
27	23	27800
27	24	284200
27	25	479600
27	26	12000
27	27	31600
27	28	115500
27	29	85200
27	30	46500
27	31	164400
27	32	4000
27	33	145000
27	34	14100
27	35	113600
27	36	38000
27	37	10300
27	38	94300
27	39	4100
27	40	54700
27	42	89300
27	44	94100
27	46	96000
27	48	91400
27	50	96400
27	52	45400
27	53	11900
27	54	19000
27	55	17800
27	57	4300
27	59	5900
27	61	1000
27	63	1400
27	65	300
27	66	2600
27	67	2800
27	83	1200
27	9	341800
28	10	84300
28	11	253300
28	12	11100
28	13	496400
28	14	64800
28	15	531400
28	17	29100
28	18	500
28	19	120100
28	21	62300
28	22	100
28	23	60600
28	24	159500
28	25	502000
28	26	17800
28	27	113000
28	28	500900
28	29	315000
28	30	126600
28	31	294600
28	32	67300
28	33	194000
28	34	25400
28	35	120300
28	36	55700
28	37	31600
28	38	72200
28	40	264300
28	42	276400
28	44	322500
28	46	450800
28	48	429400
28	50	687800
28	52	389500
28	53	137000
28	54	145700
28	55	198600
28	56	2000
28	57	121200
28	59	76300
28	61	41600
28	63	27900
28	65	10200
28	66	20700
28	67	15700
28	69	6300
28	6	268700
28	70	8100
28	71	1500
28	72	1600
28	73	24200
28	7	187800
28	83	41300
28	8	1700
28	9	268700
29	10	2300
29	11	242400
29	13	11400
29	15	94900
29	17	20800
29	25	50800
29	28	4800
29	29	36800
29	31	131800
29	32	49400
29	33	53400
29	34	24600
29	38	9800
29	40	52800
29	42	1000
29	46	1700
29	48	3800
29	6	187200
29	9	178400
2	12	320800
2	13	305700
2	15	188100
2	21	59200
2	22	21700
2	23	34200
2	25	129100
2	26	73200
2	27	43300
2	28	40600
2	29	37300
2	30	20600
2	31	87400
2	33	51000
2	35	4300
2	36	100
2	37	2100
2	38	59200
2	40	107800
2	42	104800
2	44	101800
2	46	253900
2	48	547300
2	50	699300
2	51	500
2	52	569000
2	53	256100
2	54	279700
2	55	558500
2	56	1400
2	57	436500
2	59	332900
2	61	205100
2	63	185000
2	65	58900
2	66	91200
2	67	120200
2	69	27100
2	70	40000
2	71	23000
2	72	11100
2	73	25900
2	83	203700
30	10	120900
30	11	231600
30	12	64600
30	13	1011500
30	14	47600
30	15	657700
30	17	345600
30	18	1000
30	19	76700
30	21	96100
30	22	5100
30	23	183000
30	24	129500
30	25	234200
30	26	80100
30	27	141900
30	28	514700
30	29	456400
30	30	576500
30	31	709800
30	32	95600
30	33	798900
30	34	61600
30	35	299100
30	36	149500
30	37	142300
30	38	173600
30	39	16800
30	40	315400
30	41	3500
30	42	287000
30	44	384100
30	46	709400
30	48	919400
30	4	294200
30	50	1274700
30	51	800
30	52	1127300
30	53	330900
30	54	352100
30	55	591800
30	56	800
30	57	458200
30	59	392300
30	5	53900
30	61	176400
30	63	166300
30	65	39000
30	66	91500
30	67	144100
30	68	6600
30	69	27400
30	6	670200
30	70	30100
30	71	17300
30	72	20600
30	73	24400
30	78	200
30	79	1400
30	7	675800
30	83	217400
30	8	405400
30	9	184600
31	10	359200
31	11	273900
31	12	138800
31	13	434800
31	14	16800
31	15	217000
31	17	73900
31	19	12000
31	20	80600
31	21	338700
31	22	328900
31	23	993900
31	24	83200
31	25	283700
31	26	141000
31	27	116600
31	28	516800
31	29	335700
31	2	9200
31	30	335100
31	31	878200
31	32	185700
31	33	730900
31	34	149900
31	35	670800
31	36	257600
31	37	212500
31	38	236300
31	39	15400
31	40	300500
31	42	234000
31	44	310200
31	46	418300
31	48	728600
31	4	316300
31	50	981700
31	51	500
31	52	819900
31	53	199600
31	54	291200
31	55	439800
31	56	600
31	57	316400
31	59	255800
31	5	17100
31	61	159300
31	63	115000
31	65	22900
31	66	38400
31	67	88600
31	68	200
31	69	28800
31	6	260400
31	70	35100
31	71	25000
31	72	12400
31	73	14500
31	7	521100
31	83	141700
31	8	495300
31	9	277800
32	10	38700
32	11	97600
32	12	22400
32	13	172800
32	14	5900
32	15	255100
32	17	82500
32	18	30000
32	19	7600
32	20	1400
32	21	101900
32	22	5500
32	23	54200
32	24	5700
32	25	67100
32	26	1500
32	27	95400
32	28	54200
32	29	75600
32	30	145300
32	31	308500
32	32	88600
32	33	236600
32	34	6300
32	35	222100
32	36	20300
32	37	72600
32	38	87200
32	39	14200
32	40	118600
32	42	61400
32	44	73400
32	46	140500
32	48	159200
32	4	18500
32	50	191200
32	52	123400
32	53	13900
32	54	34500
32	55	71900
32	56	900
32	57	66100
32	59	34500
32	61	3500
32	63	7600
32	65	500
32	66	400
32	67	2000
32	6	90600
32	70	1100
32	71	1100
32	72	1400
32	73	1600
32	7	472200
32	83	4600
32	8	184300
32	9	136900
33	10	275400
33	11	723800
33	12	303600
33	13	930300
33	14	10400
33	15	565700
33	17	199900
33	18	33800
33	19	15600
33	20	419800
33	21	503700
33	22	144800
33	23	441400
33	24	60600
33	25	520800
33	26	210600
33	27	241900
33	28	327700
33	29	486100
33	2	10100
33	30	355900
33	31	1202400
33	32	268600
33	33	964200
33	34	68000
33	35	645600
33	36	245800
33	37	506700
33	38	747000
33	39	114600
33	40	413400
33	42	601400
33	44	793400
33	46	1038200
33	48	1411700
33	4	223400
33	50	1704400
33	51	2400
33	52	1447800
33	53	383500
33	54	403100
33	55	707000
33	56	800
33	57	565200
33	59	396800
33	5	67500
33	61	239000
33	63	178400
33	65	49900
33	66	55400
33	67	154900
33	68	200
33	69	34800
33	6	193300
33	70	38200
33	71	44000
33	72	36200
33	73	56000
33	79	1100
33	7	817200
33	83	246300
33	8	749600
33	9	316200
34	10	58100
34	11	102000
34	12	1200
34	15	42000
34	20	34900
34	21	14200
34	22	3100
34	25	500
34	27	38200
34	28	6100
34	29	18900
34	30	33200
34	31	92500
34	32	1000
34	33	104500
34	34	3100
34	35	6800
34	36	4200
34	37	18500
34	38	3900
34	42	19000
34	44	15800
34	46	64400
34	48	53900
34	50	37300
34	52	5400
34	53	9100
34	54	1300
34	55	6000
34	57	26400
34	59	12900
34	61	5000
34	7	89000
34	83	800
35	10	388100
35	11	687600
35	12	188800
35	13	413300
35	14	367700
35	15	347700
35	17	116200
35	19	32500
35	20	36800
35	21	855900
35	22	186900
35	23	92300
35	24	56100
35	25	432700
35	26	265000
35	27	242900
35	28	183800
35	29	428500
35	30	303400
35	31	655800
35	32	161500
35	33	505400
35	34	96600
35	35	611000
35	36	156900
35	37	401400
35	38	400500
35	39	34300
35	40	311400
35	42	402300
35	44	393700
35	46	567700
35	48	768400
35	4	91300
35	50	774900
35	51	1300
35	52	544700
35	53	195500
35	54	192900
35	55	286200
35	57	187600
35	59	93700
35	61	56900
35	63	32100
35	65	7900
35	66	12400
35	67	31000
35	69	4500
35	6	558700
35	70	6100
35	71	9700
35	72	900
35	73	2300
35	7	749800
35	83	36600
35	8	303700
35	9	141100
36	10	2700
36	12	30100
36	13	56900
36	14	8700
36	15	84900
36	17	10800
36	20	9000
36	21	23300
36	22	45000
36	23	53400
36	24	9400
36	25	21200
36	26	49900
36	27	14300
36	28	3400
36	29	46800
36	30	49700
36	31	5400
36	32	4800
36	33	27300
36	34	400
36	35	18800
36	36	21900
36	37	40900
36	38	72000
36	40	700
36	42	24200
36	44	12500
36	46	7500
36	48	17800
36	50	15200
36	52	36000
36	53	18300
36	54	8900
36	55	13300
36	57	4900
36	59	12400
36	61	7100
36	63	8100
36	65	9500
36	66	5100
36	6	135100
36	72	5000
36	73	7400
36	78	1200
36	79	1700
36	7	6700
36	83	19200
36	8	15700
37	10	102800
37	11	61900
37	12	38500
37	13	211600
37	14	7300
37	15	217600
37	17	62900
37	19	167200
37	20	29700
37	21	88200
37	22	416800
37	23	46100
37	24	71800
37	25	233200
37	26	101300
37	27	121800
37	28	63300
37	29	198100
37	30	37300
37	31	112700
37	32	25200
37	33	392500
37	34	158300
37	35	171800
37	36	129300
37	37	192700
37	38	184600
37	39	10400
37	40	170600
37	41	400
37	42	270600
37	44	184000
37	46	186100
37	48	173300
37	4	11400
37	50	187900
37	52	147900
37	53	39300
37	54	41900
37	55	78900
37	57	42600
37	59	49500
37	61	23200
37	63	11700
37	66	100
37	67	1500
37	69	500
37	6	99300
37	70	8500
37	71	14300
37	72	4600
37	73	12600
37	7	151100
37	83	20500
37	8	247300
37	9	34900
38	10	119600
38	11	86500
38	12	49000
38	13	359700
38	14	1900
38	15	233300
38	17	40600
38	19	150100
38	20	71800
38	21	133100
38	22	70400
38	23	142900
38	24	63000
38	25	337000
38	26	58400
38	27	289700
38	28	85300
38	29	186200
38	30	64500
38	31	175700
38	32	22600
38	33	318500
38	34	72000
38	35	297900
38	36	158700
38	37	289200
38	38	497700
38	39	8400
38	40	444200
38	42	223400
38	44	338600
38	46	364200
38	48	342400
38	4	31700
38	50	303200
38	52	215400
38	53	60400
38	54	65300
38	55	102200
38	56	1300
38	57	41800
38	59	33900
38	61	6300
38	63	1500
38	66	600
38	67	10000
38	68	700
38	69	9300
38	6	76900
38	70	8900
38	71	3900
38	72	1600
38	73	18800
38	77	3800
38	78	1300
38	7	160000
38	83	32700
38	8	369600
38	9	69800
39	10	10600
39	13	29300
39	14	5100
39	15	46500
39	19	3400
39	20	22300
39	23	8100
39	24	12500
39	25	8800
39	26	2700
39	27	97500
39	28	57100
39	29	20700
39	30	8600
39	31	29300
39	32	9600
39	33	8800
39	35	50100
39	36	10700
39	37	28100
39	38	29600
39	40	27700
39	41	1400
39	42	43700
39	44	47500
39	46	12600
39	48	54400
39	50	82000
39	52	65200
39	53	50200
39	54	18000
39	55	2900
39	57	3200
39	59	1400
39	61	100
39	67	100
39	7	17600
39	83	6900
39	8	45700
3	10	16900
3	11	327700
3	13	151700
3	15	156000
3	19	177300
3	20	57800
3	21	139600
3	22	8300
3	23	16700
3	24	311700
3	25	483900
3	26	467000
3	27	322100
3	28	305300
3	29	145300
3	30	160000
3	31	258000
3	32	146400
3	33	373900
3	34	41300
3	35	516900
3	36	200100
3	37	68700
3	38	174900
3	39	4200
3	40	221200
3	42	274700
3	44	444600
3	46	642900
3	48	878600
3	50	896700
3	51	1100
3	52	1027200
3	53	368700
3	54	494700
3	55	1102100
3	56	21900
3	57	859100
3	59	490600
3	61	348600
3	63	356700
3	65	81900
3	66	147700
3	67	401800
3	69	103700
3	6	1399600
3	70	115500
3	71	97900
3	72	54200
3	73	127200
3	83	525600
3	8	415300
3	9	1000
40	10	290000
40	11	252200
40	12	163500
40	13	511000
40	14	82500
40	15	572600
40	17	97700
40	19	17600
40	20	374000
40	21	482900
40	22	147100
40	23	225200
40	24	191700
40	25	536800
40	26	92300
40	27	376600
40	28	288800
40	29	243900
40	30	38400
40	31	563100
40	32	81600
40	33	411800
40	34	30300
40	35	332400
40	36	262000
40	37	407100
40	38	643800
40	39	64100
40	40	760300
40	41	20500
40	42	699800
40	44	660900
40	46	767500
40	48	807500
40	4	163800
40	50	756100
40	51	2200
40	52	624200
40	53	181700
40	54	203800
40	55	285900
40	56	800
40	57	268300
40	59	169100
40	61	75700
40	63	65700
40	65	24600
40	66	32600
40	67	31200
40	68	1200
40	69	15900
40	6	221200
40	70	500
40	71	1200
40	72	2200
40	73	5200
40	7	395100
40	83	44900
40	8	197100
40	9	319600
41	15	25700
41	17	8400
41	35	700
41	37	1600
41	40	9000
41	42	3200
41	52	200
41	53	400
41	54	400
41	57	3700
41	9	300
42	10	327900
42	11	365000
42	12	242100
42	13	482600
42	14	62900
42	15	403500
42	17	145000
42	18	900
42	19	32500
42	20	281500
42	21	166400
42	22	135800
42	23	449600
42	24	95000
42	25	236000
42	26	100300
42	27	353900
42	28	282200
42	29	312100
42	30	200400
42	31	628400
42	32	120600
42	33	471500
42	34	52000
42	35	489900
42	36	190700
42	37	578800
42	38	490100
42	39	94300
42	40	1387400
42	41	5800
42	42	1079000
42	44	1127700
42	46	1016100
42	48	1227700
42	4	119300
42	50	1087400
42	52	827900
42	53	261500
42	54	247900
42	55	453700
42	56	12900
42	57	342100
42	59	110600
42	61	69700
42	63	51500
42	65	6700
42	66	15600
42	67	44300
42	69	17300
42	6	305900
42	70	13400
42	71	15600
42	72	11400
42	73	26900
42	7	307000
42	83	62800
42	8	426400
42	9	500600
44	10	282400
44	11	398200
44	12	271200
44	13	808500
44	14	90100
44	15	841100
44	17	152500
44	18	23800
44	19	95600
44	20	371700
44	21	307700
44	22	70300
44	23	212200
44	24	203100
44	25	571400
44	26	240100
44	27	424600
44	28	313200
44	29	300200
44	2	22700
44	30	237600
44	31	536600
44	32	34500
44	33	560300
44	34	151600
44	35	605400
44	36	163200
44	37	244800
44	38	567900
44	39	124300
44	40	1311900
44	42	1327900
44	44	1227300
44	46	1607900
44	48	1805900
44	4	217000
44	50	1614500
44	51	500
44	52	1072000
44	53	287800
44	54	312100
44	55	471200
44	56	5800
44	57	356900
44	59	129300
44	5	7700
44	61	65400
44	63	92700
44	65	20000
44	66	44100
44	67	87100
44	69	18100
44	6	335700
44	70	37100
44	71	19000
44	72	16400
44	73	13800
44	7	314800
44	83	129900
44	8	491700
44	9	377600
46	10	425900
46	11	738600
46	12	257600
46	13	1012600
46	14	93400
46	15	1313800
46	17	204600
46	18	1800
46	19	69700
46	20	503800
46	21	331600
46	22	218400
46	23	500000
46	24	232900
46	25	453200
46	26	127800
46	27	437000
46	28	421400
46	29	265600
46	2	27600
46	30	304100
46	31	700400
46	32	41500
46	33	767800
46	34	83800
46	35	631500
46	36	129100
46	37	258200
46	38	586300
46	39	139800
46	40	1108600
46	41	700
46	42	1429000
46	44	2209100
46	46	2966700
46	48	3251500
46	4	354800
46	50	3138300
46	51	600
46	52	1966200
46	53	573300
46	54	530000
46	55	870200
46	56	8600
46	57	612000
46	59	310900
46	5	36000
46	61	202800
46	63	175700
46	65	32800
46	66	76300
46	67	157400
46	69	24000
46	6	393100
46	70	31200
46	71	15500
46	72	16800
46	73	21500
46	7	438900
46	83	272500
46	8	727900
46	9	483300
48	10	464300
48	11	918800
48	12	612500
48	13	1805000
48	14	130500
48	15	2023600
48	17	318900
48	18	127800
48	19	91500
48	20	549900
48	21	514100
48	22	171900
48	23	534600
48	24	264200
48	25	589200
48	26	114700
48	27	325400
48	28	526800
48	29	598400
48	2	25600
48	30	436100
48	31	1233700
48	32	136400
48	33	988700
48	34	95300
48	35	833400
48	36	246200
48	37	468000
48	38	801100
48	39	133900
48	40	1312200
48	41	1000
48	42	1700800
48	44	2782500
48	46	4275400
48	48	6326200
48	4	506600
48	50	6558600
48	51	5000
48	52	4350900
48	53	1310300
48	54	1113200
48	55	1732500
48	56	9300
48	57	1277100
48	59	706800
48	5	48600
48	61	419900
48	62	100
48	63	321700
48	65	59700
48	66	153600
48	67	219200
48	69	49300
48	6	792900
48	70	72900
48	71	39600
48	72	34400
48	73	52700
48	79	1200
48	7	508600
48	83	479200
48	8	773500
48	9	569900
50	10	905100
50	11	1127800
50	12	677100
50	13	2157000
50	14	167400
50	15	2755200
50	17	558100
50	18	191800
50	19	194800
50	20	619400
50	21	682900
50	22	248000
50	23	770000
50	24	342300
50	25	748500
50	26	154000
50	27	491100
50	28	550500
50	29	903200
50	2	59400
50	30	570100
50	31	1445100
50	32	166700
50	33	1394800
50	34	105300
50	35	970900
50	36	169000
50	37	562600
50	38	819400
50	39	98100
50	40	1330900
50	41	500
50	42	1766800
50	44	2797500
50	46	4524000
50	48	8689600
50	4	567500
50	50	11687200
50	51	32800
50	52	8321900
50	53	2393400
50	54	2323500
50	55	3673800
50	56	15500
50	57	2349300
50	59	1113200
50	5	156400
50	61	600800
50	63	529700
50	64	200
50	65	118600
50	66	217200
50	67	355900
50	68	300
50	69	50900
50	6	1154300
50	70	91900
50	71	98500
50	72	50200
50	73	108300
50	78	3500
50	79	800
50	7	763500
50	83	842700
50	8	988200
50	9	1018700
52	10	792300
52	11	1183800
52	12	609600
52	13	2184800
52	14	160600
52	15	2852300
52	17	451900
52	18	112700
52	19	96500
52	20	297000
52	21	550300
52	22	188300
52	23	808300
52	24	189100
52	25	856600
52	26	92800
52	27	386300
52	28	560600
52	29	721800
52	2	79200
52	30	555000
52	31	1439700
52	32	148800
52	33	1334500
52	34	93500
52	35	1033800
52	36	159200
52	37	372200
52	38	647000
52	39	65800
52	40	1186100
52	41	1900
52	42	1272900
52	44	2163700
52	46	3940200
52	48	7666400
52	4	472900
52	50	12803500
52	51	49600
52	52	12108900
52	53	3748900
52	54	3521900
52	55	5763700
52	56	33700
52	57	3730300
52	59	1845100
52	5	255600
52	61	1001800
52	63	689200
52	64	300
52	65	158100
52	66	364000
52	67	702500
52	68	1100
52	69	106800
52	6	1295500
52	70	155400
52	71	129100
52	72	87200
52	73	143100
52	78	800
52	7	747900
52	83	1395700
52	8	754800
52	9	1059400
53	10	114800
53	11	115200
53	12	47500
53	13	194500
53	14	9400
53	15	307700
53	17	36400
53	18	26700
53	19	3000
53	20	14500
53	21	76600
53	22	37400
53	23	110000
53	24	23000
53	25	93300
53	26	9000
53	27	16400
53	28	81600
53	29	66900
53	2	17700
53	30	73500
53	31	166400
53	32	14300
53	33	149400
53	34	7500
53	35	80700
53	36	17000
53	37	27600
53	38	42100
53	39	6400
53	40	197700
53	42	144800
53	44	151100
53	46	415500
53	48	869100
53	4	84000
53	50	1559200
53	51	2400
53	52	1507900
53	53	472900
53	54	458700
53	55	703100
53	56	4200
53	57	356500
53	59	221500
53	5	35700
53	61	100600
53	63	54100
53	65	7600
53	66	22800
53	67	62500
53	68	300
53	69	3200
53	6	177100
53	70	6700
53	71	8800
53	72	3200
53	73	4200
53	7	45700
53	83	66800
53	8	55800
53	9	102200
54	10	400300
54	11	537300
54	12	297600
54	13	1142000
54	14	34200
54	15	1347600
54	17	146600
54	18	68300
54	19	33500
54	20	144200
54	21	282400
54	22	109200
54	23	499500
54	24	60500
54	25	460400
54	26	39400
54	27	154500
54	28	317500
54	29	422000
54	2	63600
54	30	287900
54	31	772700
54	32	46400
54	33	706900
54	34	38100
54	35	434700
54	36	97000
54	37	150300
54	38	305300
54	39	38900
54	40	582300
54	41	200
54	42	666000
54	44	993900
54	46	1740400
54	48	3482300
54	4	375900
54	50	6292800
54	51	21900
54	52	7313000
54	53	2491000
54	54	2553700
54	55	4448000
54	56	26300
54	57	3169200
54	59	1663900
54	5	118200
54	61	895200
54	63	737200
54	64	200
54	65	93000
54	66	283300
54	67	535400
54	68	200
54	69	84200
54	6	784300
54	70	126700
54	71	104300
54	72	73200
54	73	98300
54	78	1000
54	7	319700
54	83	1026800
54	8	370000
54	9	533600
55	10	361500
55	11	318600
55	12	262200
55	13	1129800
55	14	34200
55	15	1272800
55	17	106900
55	18	21400
55	19	13000
55	20	114300
55	21	243500
55	22	80100
55	23	492000
55	24	62800
55	25	383500
55	26	42400
55	27	138300
55	28	234500
55	29	258200
55	2	48600
55	30	249400
55	31	562200
55	32	94100
55	33	561500
55	34	60800
55	35	427900
55	36	113700
55	37	119500
55	38	274100
55	39	25300
55	40	372700
55	41	1000
55	42	536300
55	44	832800
55	46	1410200
55	48	2560300
55	4	269000
55	50	4785600
55	51	5300
55	52	5605400
55	53	2250500
55	54	2581000
55	55	4729000
55	56	45500
55	57	3748700
55	59	1956500
55	5	71400
55	61	1086100
55	63	898200
55	65	172000
55	66	372500
55	67	683400
55	68	2000
55	69	85200
55	6	642700
55	70	129800
55	71	125900
55	72	73400
55	73	130800
55	78	1300
55	7	279400
55	83	1133400
55	8	328700
55	9	472400
56	10	33300
56	11	36200
56	12	63700
56	13	121200
56	14	200
56	15	139300
56	17	12200
56	19	1000
56	20	18000
56	21	52200
56	22	14700
56	23	64800
56	24	5400
56	25	37500
56	26	4900
56	27	5000
56	28	30000
56	29	25500
56	2	7200
56	30	9800
56	31	52300
56	32	6500
56	33	63600
56	34	3200
56	35	55500
56	36	4300
56	37	8200
56	38	32400
56	39	8100
56	40	33000
56	42	77100
56	44	81300
56	46	149800
56	48	276500
56	4	46300
56	50	513500
56	51	500
56	52	593400
56	53	297100
56	54	330300
56	55	639700
56	56	11700
56	57	489300
56	59	250700
56	5	9100
56	61	142600
56	63	85800
56	65	13500
56	66	27400
56	67	60800
56	69	6700
56	6	74200
56	70	12600
56	71	7100
56	72	8700
56	73	6700
56	7	48100
56	83	64800
56	8	39900
56	9	41700
57	10	189300
57	11	344000
57	12	194000
57	13	1040400
57	14	21200
57	15	1239600
57	17	80800
57	18	17000
57	19	19700
57	20	85300
57	21	250800
57	22	62700
57	23	307600
57	24	61700
57	25	305600
57	26	33400
57	27	123500
57	28	275400
57	29	342300
57	2	31200
57	30	103200
57	31	660500
57	32	45500
57	33	504300
57	34	33000
57	35	342100
57	36	75500
57	37	115300
57	38	316900
57	39	12800
57	40	422100
57	42	510400
57	44	773100
57	46	1348200
57	48	2369200
57	4	332800
57	50	4241900
57	51	2800
57	52	5381200
57	53	2074500
57	54	2603900
57	55	5576000
57	56	35500
57	57	5625800
57	59	3343600
57	5	91000
57	61	2007400
57	63	1480000
57	65	289300
57	66	682300
57	67	1054700
57	68	900
57	69	172400
57	6	579000
57	70	254500
57	71	200100
57	72	140700
57	73	206200
57	78	500
57	7	312300
57	83	1617700
57	8	315000
57	9	271800
58	48	100
58	4	100
58	54	200
58	55	1200
59	10	100800
59	11	220100
59	12	132000
59	13	587400
59	14	17300
59	15	821200
59	17	24100
59	18	8700
59	19	33200
59	20	37400
59	21	191100
59	22	76900
59	23	195000
59	24	42000
59	25	243100
59	26	31100
59	27	73600
59	28	138400
59	29	188900
59	2	11500
59	30	77800
59	31	419500
59	32	42500
59	33	336100
59	34	6200
59	35	201400
59	36	43700
59	37	99800
59	38	189100
59	39	5300
59	40	220700
59	42	241400
59	44	410500
59	46	645500
59	48	1163500
59	4	240000
59	50	2387200
59	51	500
59	52	2981200
59	53	1229200
59	54	1626100
59	55	3820900
59	56	12900
59	57	4063600
59	59	3043200
59	5	36600
59	61	1836400
59	63	1481300
59	64	1700
59	65	352300
59	66	627200
59	67	1077300
59	68	4900
59	69	219700
59	6	360500
59	70	231300
59	71	190300
59	72	114900
59	73	163900
59	78	200
59	79	300
59	7	172900
59	83	1216900
59	8	151100
59	9	170300
61	10	90000
61	11	120100
61	12	49900
61	13	382600
61	14	22700
61	15	503100
61	17	10700
61	18	1900
61	19	11900
61	20	19100
61	21	93700
61	22	42500
61	23	116900
61	24	39500
61	25	127000
61	26	26800
61	27	23400
61	28	88400
61	29	142000
61	2	8300
61	30	47700
61	31	215600
61	32	33100
61	33	153400
61	34	6200
61	35	116500
61	36	21700
61	37	44700
61	38	98000
61	39	3100
61	40	104200
61	41	100
61	42	114500
61	44	248600
61	46	332800
61	48	674000
61	4	173500
61	50	1189000
61	51	1100
61	52	1813100
61	53	618000
61	54	870100
61	55	2178700
61	56	13000
61	57	2486500
61	59	2244200
61	5	21600
61	61	1666900
61	63	1460900
61	65	339900
61	66	665500
61	67	986900
61	68	4500
61	69	203400
61	6	223600
61	70	225100
61	71	163200
61	72	116400
61	73	145200
61	78	600
61	79	700
61	7	100900
61	83	1009500
61	8	84700
61	9	100700
63	10	39600
63	11	95700
63	12	49500
63	13	322700
63	14	1600
63	15	309300
63	17	24200
63	19	23500
63	20	25000
63	21	41600
63	22	12300
63	23	83500
63	24	25700
63	25	100300
63	26	8200
63	27	20600
63	28	48300
63	29	116100
63	2	5000
63	30	20700
63	31	210100
63	32	27900
63	33	138200
63	34	400
63	35	78100
63	36	12300
63	37	14100
63	38	64100
63	39	2000
63	40	88900
63	41	700
63	42	92800
63	44	109300
63	46	240300
63	48	531400
63	4	127600
63	50	873000
63	51	100
63	52	1169700
63	53	426900
63	54	535500
63	55	1473600
63	56	11300
63	57	1841500
63	59	1701700
63	5	4200
63	61	1546600
63	63	1563400
63	64	1700
63	65	511900
63	66	788800
63	67	1164700
63	68	9900
63	69	243800
63	6	143200
63	70	245200
63	71	226100
63	72	140500
63	73	162700
63	78	500
63	79	800
63	7	81700
63	83	1046000
63	8	61300
63	9	85900
65	10	9700
65	11	7300
65	12	2700
65	13	49700
65	15	38700
65	17	2100
65	19	4700
65	20	3800
65	21	1400
65	22	4600
65	23	19600
65	24	9900
65	25	10600
65	27	7400
65	28	14900
65	29	15000
65	2	100
65	30	6500
65	31	30400
65	33	17600
65	35	13900
65	36	1900
65	37	400
65	38	4100
65	40	5700
65	42	9900
65	44	10800
65	46	33700
65	48	58400
65	4	26000
65	50	124500
65	51	100
65	52	168300
65	53	69800
65	54	95100
65	55	222700
65	56	300
65	57	290300
65	59	301000
65	5	2500
65	61	278000
65	63	314000
65	64	200
65	65	102700
65	66	164100
65	67	254600
65	68	200
65	69	42100
65	6	32300
65	70	55400
65	71	46200
65	72	42900
65	73	36400
65	7	13000
65	83	174200
65	8	5200
65	9	3500
66	10	13000
66	11	7000
66	12	13500
66	13	104700
66	15	124400
66	17	4300
66	19	3100
66	20	10300
66	21	8000
66	22	11900
66	23	47400
66	24	5100
66	25	39800
66	26	3000
66	27	10300
66	28	24000
66	29	65200
66	2	3100
66	30	8000
66	31	95600
66	32	100
66	33	49300
66	34	400
66	35	48300
66	36	4700
66	37	4000
66	38	22000
66	39	100
66	40	33600
66	42	52400
66	44	43100
66	46	92600
66	48	171000
66	4	39300
66	50	357300
66	52	431300
66	53	143500
66	54	218300
66	55	537700
66	56	3800
66	57	686900
66	59	699500
66	5	11400
66	61	686100
66	63	778800
66	64	400
66	65	242500
66	66	412000
66	67	723900
66	68	500
66	69	138600
66	6	124000
66	70	164500
66	71	144300
66	72	91300
66	73	134500
66	7	17400
66	83	572400
66	8	20300
66	9	31100
67	10	38000
67	11	27900
67	12	21900
67	13	213900
67	14	1100
67	15	180100
67	17	3900
67	19	4300
67	20	16500
67	21	30700
67	22	10600
67	23	64200
67	24	9300
67	25	70000
67	26	9000
67	27	26400
67	28	42100
67	29	82400
67	2	6500
67	30	10000
67	31	133700
67	32	1100
67	33	117200
67	34	3700
67	35	72300
67	36	6000
67	37	17700
67	38	25100
67	40	61800
67	42	77700
67	44	95800
67	46	175400
67	48	336000
67	4	75000
67	50	517700
67	52	723200
67	53	258100
67	54	349900
67	55	891200
67	56	5100
67	57	1139700
67	59	1164500
67	5	19600
67	61	1214600
67	63	1311500
67	64	900
67	65	452800
67	66	763600
67	67	1569400
67	68	7400
67	69	367000
67	6	166600
67	70	453800
67	71	344700
67	72	243700
67	73	325600
67	79	100
67	7	47900
67	83	1429100
67	8	64700
67	9	75300
68	10	1300
68	13	3600
68	15	1100
68	20	800
68	23	6500
68	25	400
68	28	5300
68	29	600
68	31	6700
68	33	1700
68	35	400
68	40	7400
68	42	2100
68	44	2500
68	46	2900
68	48	15600
68	4	5200
68	50	18400
68	52	35300
68	53	5700
68	54	8500
68	55	21900
68	56	100
68	57	42700
68	59	49100
68	61	57200
68	63	78100
68	65	34200
68	66	46300
68	67	71400
68	68	700
68	69	22300
68	6	30100
68	70	25800
68	71	35500
68	72	15100
68	73	24400
68	7	400
68	83	67400
68	8	1000
68	9	3300
69	10	17500
69	11	5500
69	12	2800
69	13	60900
69	14	400
69	15	58000
69	19	100
69	20	7100
69	21	4300
69	22	300
69	23	23600
69	24	100
69	25	11800
69	26	3400
69	27	2500
69	28	15200
69	29	18600
69	2	2600
69	30	300
69	31	39900
69	33	43200
69	34	100
69	35	29400
69	36	1000
69	37	7800
69	38	13400
69	39	100
69	40	15800
69	42	26200
69	44	25600
69	46	57700
69	48	95600
69	4	27100
69	50	152600
69	52	216700
69	53	78100
69	54	90300
69	55	238600
69	56	100
69	57	387000
69	59	365200
69	5	700
69	61	358300
69	63	479100
69	64	400
69	65	162600
69	66	286400
69	67	610000
69	68	5800
69	69	137200
69	6	86300
69	70	193000
69	71	182700
69	72	136000
69	73	173100
69	79	200
69	7	7300
69	83	572800
69	8	13500
69	9	12600
6	10	564800
6	11	1094500
6	12	771200
6	13	1443100
6	14	223300
6	15	1979900
6	17	65500
6	19	1511700
6	20	807200
6	21	922100
6	22	356500
6	23	1025800
6	24	293300
6	25	614700
6	26	369700
6	27	678200
6	28	1568900
6	29	1071000
6	30	738900
6	31	1277200
6	32	296600
6	33	1434900
6	34	123000
6	35	679500
6	36	299100
6	37	496500
6	38	766500
6	39	157600
6	40	1331600
6	41	9300
6	42	1118700
6	44	1034300
6	46	1328400
6	48	2270700
6	50	2939700
6	51	1000
6	52	2454600
6	53	711400
6	54	733900
6	55	1273500
6	56	3300
6	57	848900
6	59	503000
6	61	272900
6	63	233300
6	65	68700
6	66	89600
6	67	192400
6	68	2600
6	69	30500
6	6	1771800
6	70	46000
6	71	25600
6	72	19400
6	73	42000
6	7	890400
6	83	248200
6	8	2861800
6	9	1258500
70	10	8200
70	11	4200
70	12	800
70	13	55300
70	14	3400
70	15	61900
70	19	300
70	20	1000
70	21	7000
70	22	400
70	23	15500
70	24	1700
70	25	37800
70	26	6200
70	27	10000
70	28	20300
70	29	12500
70	2	1300
70	30	2100
70	31	35500
70	32	400
70	33	30700
70	34	3600
70	35	23800
70	37	3700
70	38	4800
70	40	15900
70	42	29000
70	44	28000
70	46	53600
70	48	92200
70	4	54400
70	50	160900
70	52	225100
70	53	68800
70	54	69500
70	55	222000
70	56	200
70	57	307400
70	59	314200
70	5	700
70	61	312700
70	63	408800
70	64	300
70	65	138200
70	66	268000
70	67	604700
70	68	200
70	69	140700
70	6	55100
70	70	202700
70	71	190100
70	72	158300
70	73	210000
70	78	100
70	79	1800
70	7	6600
70	83	676000
70	8	10200
70	9	17300
71	10	15300
71	11	4900
71	12	2300
71	13	44200
71	14	1700
71	15	38300
71	19	200
71	20	2700
71	21	8000
71	22	800
71	23	13000
71	24	1600
71	25	17600
71	26	9100
71	27	7000
71	28	13400
71	29	9700
71	2	300
71	30	2000
71	31	36200
71	32	200
71	33	21700
71	34	1700
71	35	20800
71	37	8100
71	38	6800
71	40	19600
71	42	24400
71	44	26100
71	46	47500
71	48	94600
71	4	38800
71	50	93600
71	52	178100
71	53	53800
71	54	52100
71	55	166300
71	57	239200
71	59	241000
71	5	4500
71	61	240000
71	63	322400
71	64	500
71	65	113100
71	66	213300
71	67	489300
71	68	600
71	69	132800
71	6	37000
71	70	190600
71	71	150700
71	72	139500
71	73	185800
71	78	1300
71	79	800
71	7	10300
71	83	595100
71	8	17300
71	9	6300
72	10	11000
72	11	6900
72	12	1400
72	13	27500
72	15	28800
72	19	1100
72	20	300
72	21	5400
72	22	100
72	23	7800
72	24	1500
72	25	21200
72	26	2000
72	27	1900
72	28	8500
72	29	11200
72	30	5700
72	31	25500
72	32	800
72	33	32000
72	34	900
72	35	11300
72	37	7200
72	38	14200
72	40	18400
72	42	17100
72	44	21300
72	46	38800
72	48	65300
72	4	37900
72	50	89800
72	52	116500
72	53	41900
72	54	51400
72	55	128700
72	57	133600
72	59	149900
72	5	3100
72	61	167900
72	63	204900
72	65	86600
72	66	162200
72	67	330200
72	68	6200
72	69	104800
72	6	38400
72	70	143500
72	71	147500
72	72	138700
72	73	203000
72	78	1000
72	79	2700
72	7	13600
72	83	499700
72	8	13200
72	9	1600
73	10	56500
73	11	19800
73	12	1600
73	13	47800
73	15	63300
73	20	100
73	21	2500
73	23	17300
73	24	6600
73	25	20300
73	26	1000
73	27	3600
73	28	17500
73	29	13800
73	30	8200
73	31	40000
73	32	200
73	33	33800
73	34	300
73	35	13300
73	37	4500
73	38	8900
73	40	17000
73	42	14400
73	44	37000
73	46	82700
73	48	92300
73	4	67300
73	50	136600
73	52	156400
73	53	34000
73	54	66200
73	55	205000
73	57	211700
73	59	196800
73	61	219500
73	63	276100
73	65	108500
73	66	228200
73	67	581800
73	68	1300
73	69	175300
73	6	62300
73	70	274100
73	71	252000
73	72	213100
73	73	489200
73	78	4200
73	79	2700
73	7	24200
73	83	1018800
73	8	54400
73	9	5500
77	8	600
78	10	600
78	25	100
78	44	100
78	46	1500
78	48	2800
78	70	1800
78	71	5300
78	72	8200
78	73	5500
78	78	200
78	83	4900
78	8	1100
79	20	800
79	25	100
79	48	100
79	4	1500
79	50	1700
79	52	400
79	53	100
79	54	400
79	55	4200
79	57	4900
79	59	3800
79	61	1200
79	65	1800
79	66	1200
79	67	3900
79	69	1800
79	6	900
79	70	2000
79	71	1400
79	72	2200
79	73	7300
79	78	3400
79	79	200
79	83	17800
7	10	362800
7	11	486900
7	12	75300
7	13	1750100
7	14	71700
7	15	2177100
7	17	603500
7	18	1041500
7	19	901700
7	20	475700
7	21	364000
7	22	1072900
7	23	590000
7	24	334400
7	25	1426500
7	26	374400
7	27	406900
7	28	707400
7	29	688200
7	2	3625800
7	30	404000
7	31	1467200
7	32	188000
7	33	884600
7	34	8600
7	35	663200
7	36	255400
7	37	442900
7	38	644000
7	39	196200
7	40	893700
7	42	1157100
7	44	1416400
7	46	2017500
7	48	3104800
7	4	45600
7	50	4200100
7	51	2200
7	52	4096000
7	53	1006100
7	54	1110600
7	55	1786500
7	56	7000
7	57	1419500
7	59	863200
7	61	391600
7	63	338600
7	65	83100
7	66	126900
7	67	285800
7	69	53200
7	6	390700
7	70	83000
7	71	84200
7	72	42400
7	73	76000
7	79	400
7	7	315200
7	83	551500
7	8	22500
7	9	1199100
80	27	300
80	33	600
80	48	700
80	52	200
80	73	1600
80	79	500
80	83	2700
81	83	100
83	10	63700
83	11	67500
83	12	24200
83	13	289100
83	14	3300
83	15	327800
83	17	3800
83	19	2900
83	20	19500
83	21	39800
83	22	12500
83	23	123100
83	24	12400
83	25	121200
83	26	12800
83	27	55700
83	28	86500
83	29	131100
83	2	10300
83	30	46500
83	31	234200
83	32	10600
83	33	184200
83	34	2500
83	35	82100
83	36	5500
83	37	38600
83	38	57000
83	39	800
83	40	104100
83	42	116300
83	44	199100
83	46	333900
83	48	567500
83	4	258300
83	50	956700
83	51	300
83	52	1164200
83	53	322500
83	54	441600
83	55	1194500
83	56	1900
83	57	1272900
83	59	1170800
83	5	16100
83	61	966000
83	63	1047500
83	64	100
83	65	340200
83	66	735900
83	67	1730300
83	68	2200
83	69	364200
83	6	237200
83	70	617000
83	71	601400
83	72	473100
83	73	875500
83	77	500
83	78	7600
83	79	2400
83	7	65000
83	83	8191600
83	8	48200
83	9	62500
8	10	630700
8	11	210300
8	12	45800
8	13	417300
8	15	651200
8	17	217700
8	19	561500
8	20	74700
8	21	144100
8	22	6600
8	23	532100
8	24	293300
8	25	406500
8	26	106900
8	27	86600
8	28	32100
8	29	74300
8	30	18300
8	31	103400
8	33	322000
8	34	16000
8	35	435900
8	36	45700
8	37	208400
8	38	251200
8	39	90200
8	40	290300
8	42	345100
8	44	602500
8	46	591900
8	48	841100
8	4	190400
8	50	876300
8	51	700
8	52	639500
8	53	210300
8	54	155400
8	55	289800
8	56	2400
8	57	240600
8	59	113700
8	61	43100
8	63	41200
8	65	700
8	66	1200
8	67	20400
8	69	1200
8	6	143900
8	70	6500
8	71	5200
8	72	5800
8	73	2000
8	7	21600
8	83	52500
8	8	197600
8	9	1000900
9	10	300700
9	11	76900
9	12	3300
9	13	872500
9	14	300
9	15	1404100
9	17	710200
9	19	116500
9	20	422600
9	21	660600
9	22	137600
9	23	364900
9	24	480100
9	25	594600
9	26	81900
9	27	126900
9	28	304700
9	29	121800
9	30	169200
9	31	657800
9	32	16300
9	33	306100
9	34	68100
9	35	440800
9	36	208000
9	37	103900
9	38	390500
9	39	43300
9	40	450300
9	42	697300
9	44	707600
9	46	1289900
9	48	1709000
9	50	2214800
9	51	9400
9	52	2136800
9	53	793200
9	54	772100
9	55	1151300
9	56	14700
9	57	933900
9	59	591700
9	61	298300
9	63	213000
9	65	39500
9	66	85600
9	67	191200
9	69	21900
9	6	195300
9	70	59300
9	71	32700
9	72	31100
9	73	51800
9	7	75700
9	83	323800
9	8	129200
9	9	488300
