0	0	24700
0	11	717400
0	13	577900
0	15	294900
0	17	134100
0	19	19100
0	20	7100
0	21	24100
0	22	212300
0	23	2600
0	26	341900
0	27	177100
0	28	129700
0	29	258900
0	31	229200
0	32	15300
0	33	97500
0	34	120600
0	35	215400
0	36	268300
0	37	32900
0	38	131500
0	39	3900
0	40	244900
0	42	411600
0	44	442700
0	46	620100
0	48	787500
0	50	893600
0	52	959900
0	53	96900
0	54	517700
0	55	493500
0	56	32400
0	57	459000
0	59	358700
0	61	338600
0	63	227600
0	65	33600
0	66	66400
0	67	189300
0	68	1300
0	69	56300
0	70	36200
0	71	41800
0	72	19600
0	73	32800
0	78	600
0	7	28500
0	83	237200
0	8	162000
0	9	236100
10	0	2025200
10	10	400
10	1	2310400
10	3	265800
10	50	2800
10	52	8200
10	53	500
10	54	9700
10	55	6500
10	67	1700
10	83	900
10	9	1385200
11	0	483700
11	11	710900
11	13	260700
11	15	473800
11	19	30500
11	1	758400
11	20	19000
11	21	348600
11	22	100
11	23	7500
11	24	382500
11	26	113100
11	27	75600
11	28	119800
11	29	70800
11	31	8700
11	33	37600
11	34	19900
11	35	55900
11	36	121600
11	37	38100
11	38	43200
11	3	183400
11	40	75600
11	42	122800
11	44	162000
11	46	281700
11	48	414600
11	50	494600
11	52	1325700
11	53	42300
11	54	281800
11	55	237300
11	56	17800
11	57	160500
11	59	61600
11	61	37600
11	63	5400
11	66	100
11	67	11000
11	69	1600
11	6	88700
11	70	4600
11	71	6800
11	72	1800
11	73	2800
11	83	46700
11	8	124300
11	9	102700
12	11	92500
12	13	400
12	15	23800
12	24	44700
12	26	171200
12	27	36200
12	29	19700
12	31	48300
12	33	34700
12	34	48900
12	35	55900
12	36	7900
12	38	49400
12	39	35800
12	3	2000
12	40	92800
12	42	21600
12	44	55900
12	46	74700
12	48	138800
12	50	145800
12	52	116600
12	53	21800
12	54	91900
12	55	73500
12	56	6500
12	57	49600
12	59	29900
12	61	2800
12	63	7100
12	65	3600
12	66	3000
12	67	3400
12	69	4100
12	6	146200
12	70	6200
12	71	3000
12	83	4500
13	0	1400
13	10	96100
13	11	41100
13	13	229100
13	15	561500
13	17	1800
13	1	78000
13	21	178900
13	26	51700
13	27	65500
13	28	111500
13	29	275700
13	30	4100
13	31	87800
13	32	3600
13	33	168100
13	34	66100
13	35	123700
13	36	149000
13	37	58300
13	38	148700
13	39	5800
13	3	145900
13	40	179800
13	42	205900
13	44	319500
13	46	339800
13	48	529400
13	50	695900
13	52	822700
13	53	51000
13	54	296900
13	55	274700
13	56	14800
13	57	217800
13	59	121000
13	61	96800
13	63	82800
13	65	6300
13	66	25700
13	67	85700
13	68	1500
13	69	19100
13	6	334500
13	70	22900
13	71	6900
13	72	9300
13	73	16200
13	83	72400
13	8	176600
13	9	52100
14	10	112400
14	11	533500
14	13	848300
14	15	930100
14	17	126100
14	26	103100
14	27	202100
14	29	6900
14	2	81200
14	31	17300
14	33	46100
14	34	42500
14	35	66300
14	36	308700
14	37	32200
14	38	168500
14	39	14400
14	3	11900
14	40	124100
14	42	57800
14	44	183500
14	46	126000
14	48	249400
14	50	301900
14	52	168400
14	53	33200
14	54	168900
14	55	80900
14	56	3300
14	57	48800
14	59	57200
14	61	21500
14	63	6000
14	65	300
14	66	10000
14	67	6000
14	69	2000
14	6	271800
14	70	4900
14	83	5900
14	8	52800
15	0	363600
15	10	23200
15	11	394700
15	13	397600
15	15	695800
15	19	268900
15	1	289800
15	20	1200
15	21	120200
15	24	132500
15	25	81000
15	26	585800
15	27	165400
15	28	147900
15	29	259700
15	2	405500
15	31	357900
15	32	62500
15	33	448800
15	34	69400
15	35	257600
15	36	132900
15	37	13000
15	38	329700
15	39	79300
15	3	1307700
15	40	461100
15	41	6800
15	42	506800
15	44	715400
15	46	941800
15	48	1273500
15	50	1580500
15	52	3033800
15	53	194400
15	54	1060200
15	55	902600
15	56	83600
15	57	1077600
15	59	511200
15	61	311500
15	63	370400
15	65	50800
15	66	120300
15	67	254000
15	68	400
15	69	60200
15	6	203400
15	70	83600
15	71	44100
15	72	32600
15	73	47100
15	83	389900
15	8	235900
15	9	335300
17	0	50000
17	10	31100
17	11	157800
17	13	407300
17	15	185500
17	17	55000
17	19	199300
17	1	96400
17	20	12900
17	21	64100
17	26	170100
17	27	65600
17	28	45500
17	29	463700
17	2	494400
17	30	32700
17	31	254400
17	32	39100
17	33	36300
17	35	163000
17	36	107200
17	37	74300
17	38	236800
17	39	5400
17	40	298600
17	42	250400
17	44	135100
17	46	250400
17	48	319000
17	50	572100
17	52	1102700
17	53	97900
17	54	433900
17	55	320700
17	56	26700
17	57	285900
17	59	103100
17	61	75200
17	63	60600
17	65	4500
17	66	8100
17	67	63900
17	69	6900
17	70	5900
17	71	8100
17	72	5100
17	73	9100
17	83	91100
17	8	7500
17	9	108400
18	13	600
19	0	221200
19	10	2800
19	11	84500
19	13	7700
19	15	27500
19	17	182200
19	19	44800
19	1	442900
19	21	94200
19	23	116100
19	24	44800
19	26	700
19	27	134700
19	29	47900
19	2	140400
19	31	115500
19	35	100
19	36	22800
19	37	112100
19	38	42000
19	3	755100
19	40	67600
19	42	98000
19	44	106600
19	46	103900
19	48	115600
19	50	161000
19	52	148900
19	53	15400
19	54	64800
19	55	36600
19	56	3000
19	57	34300
19	59	19400
19	61	12600
19	63	33500
19	65	1200
19	66	16400
19	67	31000
19	69	2100
19	6	91900
19	70	6900
19	71	2200
19	72	1800
19	73	5300
19	83	23400
19	9	189400
1	10	324300
1	11	572800
1	12	39400
1	13	1612400
1	14	508600
1	15	995100
1	17	200
1	1	909300
1	20	528600
1	21	24600
1	24	288900
1	26	1097700
1	27	757000
1	28	608200
1	29	1369600
1	30	1032700
1	31	1118900
1	32	586500
1	33	1846300
1	34	707800
1	35	824700
1	36	571800
1	37	357900
1	38	629100
1	39	122400
1	40	619300
1	42	556900
1	44	631400
1	46	640200
1	48	728100
1	50	1125300
1	52	1293600
1	53	74600
1	54	743600
1	55	888500
1	56	75300
1	57	1055100
1	59	718700
1	5	1373600
1	61	490900
1	63	494100
1	65	97400
1	66	258700
1	67	392100
1	68	8200
1	69	137400
1	70	122900
1	71	108600
1	72	95400
1	73	134200
1	77	3600
1	78	1100
1	79	6600
1	83	837000
1	8	193500
1	9	855200
20	3	1173200
21	13	700
21	20	212900
21	29	200
21	38	30100
21	40	800
21	42	48900
21	44	55400
21	46	22500
21	48	66300
21	50	57300
21	52	29500
21	54	1500
21	55	2500
22	0	146400
22	10	27200
22	11	5400
22	13	5500
22	15	158900
22	17	8000
22	19	133600
22	1	93000
22	20	243800
22	21	132600
22	22	47600
22	23	17800
22	24	81500
22	25	1500
22	26	310400
22	27	204900
22	28	26300
22	29	154900
22	30	9000
22	31	36900
22	32	1400
22	33	47800
22	34	5200
22	35	142200
22	36	154100
22	37	19800
22	38	24400
22	3	53000
22	40	96900
22	41	700
22	42	59100
22	44	94700
22	46	137800
22	48	225300
22	50	277800
22	52	596400
22	53	30900
22	54	133300
22	55	118000
22	56	6200
22	57	123600
22	59	78200
22	61	32200
22	63	14500
22	65	2600
22	66	6700
22	67	11100
22	69	4200
22	6	140400
22	70	9600
22	71	2000
22	72	200
22	73	11900
22	77	800
22	78	400
22	83	22300
22	8	62100
22	9	222200
23	0	458800
23	10	793200
23	11	115200
23	13	364100
23	14	1800
23	15	261300
23	17	36800
23	19	198600
23	1	454500
23	20	284300
23	21	797000
23	22	32900
23	23	500
23	24	310600
23	25	45600
23	26	425000
23	27	333800
23	28	102000
23	29	161300
23	2	37300
23	30	6900
23	31	85800
23	32	200
23	33	93900
23	34	6900
23	35	32400
23	36	89500
23	37	50600
23	38	150600
23	39	4900
23	3	319000
23	40	203800
23	42	152700
23	44	234900
23	46	204300
23	48	474400
23	50	626800
23	52	639600
23	53	43500
23	54	275300
23	55	242900
23	56	13700
23	57	194800
23	59	98100
23	61	47500
23	63	36900
23	65	6600
23	66	30300
23	67	56000
23	68	200
23	69	12500
23	6	106200
23	70	14000
23	71	8600
23	72	6000
23	73	13900
23	78	5500
23	83	100700
23	8	116900
23	9	76400
24	0	85400
24	10	301700
24	11	100
24	13	235200
24	14	113200
24	15	249300
24	1	292200
24	21	116000
24	22	15100
24	24	114800
24	25	14600
24	26	213300
24	27	40900
24	28	65400
24	29	21600
24	2	329100
24	31	24300
24	33	85600
24	34	74100
24	35	77000
24	36	93400
24	37	34600
24	38	4400
24	3	422400
24	40	52000
24	42	46500
24	44	119300
24	46	127800
24	48	110400
24	50	83100
24	52	155800
24	53	28700
24	54	106800
24	55	87800
24	56	7900
24	57	39400
24	59	13500
24	61	7400
24	63	25000
24	65	6900
24	66	15500
24	67	3300
24	69	3900
24	6	176300
24	83	600
24	9	117100
25	0	46400
25	10	361400
25	11	71700
25	13	105000
25	15	12100
25	19	98100
25	1	350800
25	20	44500
25	21	492600
25	22	66200
25	23	1800
25	24	193700
25	26	602300
25	27	597800
25	28	54400
25	29	281800
25	2	213800
25	30	1300
25	31	346000
25	32	2900
25	33	43500
25	34	16100
25	35	118700
25	36	221900
25	37	69700
25	38	141100
25	39	2600
25	3	14400
25	40	128600
25	42	234600
25	44	161300
25	46	238000
25	48	226100
25	50	302900
25	52	496500
25	53	67900
25	54	207600
25	55	131000
25	56	14900
25	57	205600
25	59	80900
25	61	50000
25	63	85700
25	65	12900
25	66	24900
25	67	12900
25	69	300
25	6	154500
25	70	2500
25	71	1700
25	72	1400
25	73	13800
25	7	26100
25	83	39300
25	8	211600
25	9	206000
26	0	57000
26	11	62300
26	13	9900
26	15	110500
26	17	76300
26	19	73400
26	1	21300
26	21	45800
26	26	678600
26	27	93400
26	28	182700
26	29	36100
26	31	52400
26	32	26200
26	33	84600
26	36	29600
26	37	4600
26	38	46800
26	39	2800
26	40	111400
26	42	46700
26	44	94100
26	46	103400
26	48	109800
26	50	135100
26	52	112400
26	53	4200
26	54	51600
26	55	32000
26	56	3500
26	57	16000
26	59	6500
26	61	2000
26	63	3200
26	66	1000
26	67	3500
26	6	28900
26	71	100
26	83	5600
26	8	24000
26	9	33600
27	11	182400
27	13	277100
27	15	28200
27	19	50800
27	20	500
27	21	44500
27	24	214900
27	25	158700
27	26	656800
27	27	110300
27	28	2800
27	29	224200
27	30	10900
27	31	137400
27	32	45100
27	33	147000
27	34	6200
27	35	4500
27	36	92900
27	37	16200
27	38	68700
27	40	81400
27	41	1400
27	42	67700
27	50	15600
27	52	35600
27	53	1700
27	54	8900
27	55	11500
27	56	200
27	57	15900
27	6	35400
27	8	9000
27	9	214300
28	0	245400
28	10	307200
28	11	324000
28	13	235000
28	15	236600
28	19	2100
28	1	623600
28	20	21000
28	21	122500
28	22	232600
28	24	139600
28	25	45700
28	26	644100
28	27	749100
28	28	52700
28	29	90300
28	31	74600
28	32	99800
28	33	236500
28	34	22500
28	35	43900
28	36	105200
28	37	80100
28	38	174800
28	39	15000
28	3	309700
28	40	293900
28	41	12000
28	42	176600
28	44	206300
28	46	196100
28	48	283700
28	50	527400
28	52	492600
28	53	40800
28	54	182700
28	55	155100
28	56	31600
28	57	147600
28	59	78200
28	61	44700
28	63	57000
28	65	5800
28	66	11400
28	67	14200
28	69	400
28	6	210000
28	70	5000
28	71	3700
28	72	3000
28	73	7600
28	83	51300
28	8	131300
28	9	133800
29	10	6100
29	11	1900
29	13	70200
29	15	80800
29	1	16400
29	22	5200
29	26	34600
29	27	35300
29	28	93500
29	29	297100
29	36	3800
29	38	7400
29	3	187200
29	40	23900
29	42	1000
29	44	13800
29	46	28600
29	48	7400
29	50	9400
29	52	5800
29	54	1600
29	55	1400
29	57	1600
29	59	1300
29	61	5800
29	63	17000
29	65	4900
29	6	178400
29	83	700
29	9	16000
2	10	130100
2	11	86800
2	13	112600
2	15	207700
2	21	102300
2	22	74700
2	24	61600
2	26	228500
2	27	73900
2	28	1400
2	29	23700
2	31	26400
2	33	119500
2	34	4400
2	35	50600
2	36	135700
2	37	21400
2	38	45000
2	40	17100
2	42	77200
2	44	245100
2	46	204900
2	48	365800
2	50	476400
2	52	761800
2	53	118600
2	54	497700
2	55	524000
2	56	44500
2	57	476000
2	59	370900
2	61	207100
2	63	183400
2	65	31000
2	66	65600
2	67	90200
2	68	200
2	69	16600
2	70	35300
2	71	30000
2	72	20500
2	73	53200
2	78	1300
2	79	1200
2	83	223100
2	9	73600
30	0	705500
30	10	94000
30	11	407500
30	13	373700
30	14	292000
30	15	583900
30	17	37500
30	19	37100
30	1	1106700
30	20	255700
30	21	105400
30	24	203800
30	25	35500
30	26	726700
30	27	346600
30	28	247600
30	29	1132300
30	2	129200
30	30	100200
30	31	307400
30	32	141800
30	33	132900
30	34	28800
30	35	152200
30	36	131100
30	37	30300
30	38	199400
30	39	4900
30	3	441200
30	40	257600
30	41	400
30	42	269900
30	44	445300
30	46	599500
30	48	694400
30	50	1098100
30	52	1329400
30	53	137600
30	54	600700
30	55	465200
30	56	54700
30	57	642700
30	59	373800
30	61	261100
30	63	152900
30	65	17500
30	66	66400
30	67	127800
30	68	300
30	69	16500
30	6	431400
30	70	30900
30	71	39100
30	72	26300
30	73	13600
30	78	1900
30	79	800
30	80	400
30	83	255100
30	8	329000
30	9	585200
31	0	648500
31	10	130100
31	11	401700
31	13	198900
31	14	13600
31	15	696800
31	17	39100
31	19	44300
31	1	1312600
31	20	77100
31	21	153900
31	22	5100
31	23	36300
31	24	155200
31	25	1000
31	26	338100
31	27	426300
31	28	431200
31	29	753100
31	2	279800
31	30	71900
31	31	605900
31	32	196600
31	33	572200
31	34	68300
31	35	290300
31	36	212200
31	37	125800
31	38	266600
31	39	17100
31	3	669500
31	40	166700
31	42	424000
31	44	315000
31	46	551100
31	48	586000
31	50	747800
31	52	984300
31	53	118900
31	54	506000
31	55	410800
31	56	15300
31	57	435000
31	59	220100
31	61	104500
31	63	57300
31	65	6500
31	66	24300
31	67	107700
31	68	900
31	69	37100
31	6	484200
31	70	34800
31	71	30300
31	72	26200
31	73	18900
31	7	12200
31	83	172300
31	8	177700
31	9	279100
32	0	132000
32	10	27300
32	11	84400
32	13	64800
32	14	163500
32	15	250000
32	17	100
32	19	8500
32	1	417800
32	20	600
32	21	8900
32	22	5300
32	24	186900
32	25	7400
32	26	61600
32	27	56800
32	28	74300
32	29	216500
32	2	22000
32	30	6800
32	31	418900
32	32	9500
32	33	254100
32	34	56100
32	35	67000
32	36	54000
32	37	52700
32	38	84100
32	39	41000
32	3	192200
32	40	78400
32	42	122900
32	44	117400
32	46	168800
32	48	160000
32	50	135400
32	52	119500
32	53	24000
32	54	37400
32	55	29400
32	56	1000
32	57	54900
32	59	4200
32	61	3700
32	63	3800
32	65	900
32	66	5300
32	67	4600
32	68	100
32	69	3600
32	6	181900
32	70	2100
32	71	1000
32	72	500
32	73	400
32	83	4500
32	8	40000
32	9	61800
33	0	567500
33	10	132100
33	11	566000
33	13	366800
33	14	7900
33	15	680000
33	17	95500
33	18	72400
33	19	238200
33	1	1732500
33	20	16200
33	21	96800
33	22	1100
33	24	133000
33	25	56200
33	26	419200
33	27	316200
33	28	215800
33	29	767500
33	2	521800
33	30	146200
33	31	1239300
33	32	132600
33	33	956300
33	34	423800
33	35	534200
33	36	469000
33	37	138500
33	38	653500
33	39	81100
33	3	611800
33	40	434300
33	41	13600
33	42	578000
33	44	794200
33	46	884600
33	48	1277500
33	50	1514000
33	52	1508000
33	53	172300
33	54	719700
33	55	625400
33	56	40000
33	57	680600
33	59	435400
33	61	157800
33	63	143400
33	65	37200
33	66	50200
33	67	169900
33	68	6400
33	69	80300
33	6	821800
33	70	88600
33	71	56900
33	72	38900
33	73	63800
33	79	2300
33	7	64000
33	83	286600
33	8	125200
33	9	655600
34	0	46300
34	13	1600
34	15	28900
34	19	2900
34	1	123200
34	25	2600
34	26	58100
34	28	3200
34	29	1400
34	31	73900
34	32	11800
34	33	174600
34	34	68500
34	35	2500
34	36	2200
34	37	36400
34	38	17000
34	39	20700
34	3	3100
34	40	36900
34	42	23200
34	44	12900
34	46	30100
34	48	7900
34	50	26800
34	52	21900
34	53	400
34	54	10900
34	55	3700
34	56	100
34	57	22900
34	59	2000
34	61	600
34	63	1800
34	65	200
34	66	3800
34	67	2200
34	6	46000
35	0	497000
35	10	113600
35	11	332300
35	12	226400
35	13	593900
35	14	87300
35	15	222700
35	17	167200
35	19	376700
35	1	865900
35	20	84100
35	21	88400
35	22	38700
35	23	70200
35	24	147300
35	25	26200
35	26	753600
35	27	154700
35	28	243100
35	29	302900
35	2	378600
35	30	32300
35	31	338800
35	32	156900
35	33	726200
35	34	167900
35	35	420600
35	36	672300
35	37	131200
35	38	417900
35	39	65100
35	3	282800
35	40	439300
35	42	564300
35	44	639700
35	46	705300
35	48	667800
35	50	820900
35	52	678100
35	53	119900
35	54	323400
35	55	209000
35	56	16200
35	57	213800
35	59	85500
35	61	39700
35	63	34300
35	65	1000
35	66	6500
35	67	29400
35	69	12200
35	6	178200
35	70	12300
35	71	10300
35	72	4700
35	73	11300
35	7	19700
35	83	52400
35	8	177100
35	9	159800
36	0	6700
36	11	1800
36	12	17000
36	13	58200
36	14	62900
36	15	81600
36	17	2200
36	19	100
36	1	97100
36	23	5000
36	26	113200
36	27	14100
36	28	29800
36	29	100
36	2	30000
36	31	600
36	32	2800
36	33	71200
36	34	200
36	35	73400
36	36	86400
36	37	22000
36	38	9100
36	3	28500
36	40	1700
36	42	9900
36	44	22400
36	46	42300
36	48	44400
36	50	38100
36	52	9000
36	53	8000
36	54	27700
36	55	7400
36	57	5000
36	59	10700
36	61	7000
36	63	10700
36	65	8000
36	66	3400
36	71	100
36	72	200
36	73	12500
36	78	2900
36	79	1000
36	83	18000
36	8	100
37	0	181800
37	10	60100
37	11	133000
37	12	13300
37	13	375700
37	14	7000
37	15	113700
37	17	8900
37	19	22100
37	1	398500
37	20	50900
37	21	62600
37	22	6200
37	23	52500
37	24	2600
37	25	800
37	26	84800
37	27	38000
37	28	129700
37	29	45100
37	2	427000
37	31	149200
37	32	113500
37	33	177900
37	34	96300
37	35	157100
37	36	451700
37	37	148200
37	38	142800
37	39	13500
37	3	302700
37	40	136000
37	41	1000
37	42	100700
37	44	169200
37	46	229100
37	48	194100
37	50	230500
37	52	212100
37	53	9000
37	54	103200
37	55	78800
37	56	2200
37	57	43100
37	59	51900
37	61	14100
37	63	1300
37	66	2000
37	67	18100
37	69	6100
37	6	135100
37	70	5900
37	71	4900
37	72	4400
37	73	26500
37	7	34100
37	83	14700
37	8	26800
37	9	47300
38	0	297700
38	10	147900
38	11	179200
38	13	237400
38	15	253600
38	17	22600
38	19	13900
38	1	643400
38	20	48400
38	21	68700
38	22	600
38	23	17600
38	24	60200
38	25	3100
38	26	139800
38	27	124600
38	28	65100
38	29	133200
38	2	524300
38	30	33400
38	31	42500
38	32	7800
38	33	197900
38	34	126900
38	35	199900
38	36	300100
38	37	282300
38	38	338300
38	39	8700
38	3	215500
38	40	258500
38	41	100
38	42	267400
38	44	309200
38	46	385900
38	48	280300
38	50	231000
38	52	203600
38	53	37400
38	54	162900
38	55	135800
38	56	6300
38	57	80700
38	59	71500
38	61	21100
38	63	4500
38	65	1200
38	66	5700
38	67	10800
38	68	200
38	69	5900
38	6	229100
38	70	10400
38	71	5700
38	72	5100
38	73	10800
38	7	700
38	83	11200
38	8	94300
38	9	145500
39	0	1400
39	10	2500
39	11	700
39	15	36100
39	1	107700
39	20	9300
39	21	4400
39	23	8100
39	24	8600
39	26	5700
39	28	300
39	29	1600
39	2	93500
39	33	8100
39	34	17500
39	35	7800
39	36	68200
39	37	48900
39	38	185900
39	39	35400
39	3	43200
39	40	49800
39	42	10900
39	44	19200
39	46	9100
39	48	5200
39	50	11000
39	52	13500
39	53	500
39	54	5800
39	55	1200
39	57	6900
39	59	1600
39	61	200
39	67	400
39	6	116300
39	72	100
39	83	1500
39	8	16500
39	9	15400
3	10	221100
3	11	337600
3	12	957600
3	13	1087600
3	15	127500
3	19	56700
3	20	21900
3	21	107300
3	22	158700
3	23	73600
3	24	214300
3	26	92900
3	27	244900
3	28	23600
3	29	419400
3	2	125000
3	30	158100
3	31	566600
3	32	30500
3	33	323900
3	34	33800
3	35	53500
3	36	130100
3	37	56500
3	38	257400
3	39	153200
3	40	334000
3	42	278600
3	44	398000
3	46	468800
3	48	371700
3	50	650500
3	52	805000
3	53	89600
3	54	549400
3	55	584900
3	56	46100
3	57	698100
3	59	504300
3	61	291000
3	63	281000
3	65	40800
3	66	149800
3	67	404900
3	68	2300
3	69	114200
3	70	104900
3	71	102900
3	72	76400
3	73	152800
3	78	900
3	79	1300
3	7	1913700
3	83	544000
3	8	652600
3	9	286700
40	0	251300
40	10	173600
40	11	391300
40	13	419800
40	15	622300
40	16	700
40	17	40800
40	19	71300
40	1	495300
40	20	74200
40	21	274500
40	23	107700
40	24	510700
40	25	2500
40	26	383100
40	27	340600
40	28	56400
40	29	237700
40	2	598200
40	30	3200
40	31	244700
40	32	40600
40	33	202500
40	34	86500
40	35	146200
40	36	508300
40	37	376500
40	38	623200
40	39	63300
40	3	502600
40	40	978500
40	41	9200
40	42	852400
40	44	763500
40	46	649900
40	48	737100
40	50	726900
40	52	748900
40	53	91800
40	54	389400
40	55	265100
40	56	5500
40	57	231800
40	59	118900
40	61	52200
40	63	39200
40	65	1800
40	66	27900
40	67	54300
40	69	10400
40	6	336500
40	70	11500
40	71	6800
40	72	1800
40	73	4100
40	7	300
40	83	57300
40	8	336700
40	9	228000
41	27	25700
41	36	1600
41	37	14100
41	38	700
41	40	6100
41	41	700
41	42	1500
41	44	100
41	50	400
41	52	2700
42	0	508200
42	10	270100
42	11	448900
42	12	59500
42	13	476400
42	14	20700
42	15	328100
42	17	94400
42	19	149300
42	1	764700
42	20	37600
42	21	214500
42	22	88200
42	23	99500
42	24	330900
42	25	51700
42	26	214200
42	27	269100
42	28	139500
42	29	358100
42	2	363900
42	30	38400
42	31	354200
42	32	80200
42	33	321600
42	34	104200
42	35	206800
42	36	323700
42	37	114400
42	38	577800
42	39	20900
42	3	526900
42	40	1142600
42	41	110100
42	42	1543300
42	44	932200
42	46	866300
42	48	1093600
42	50	1321700
42	52	1110500
42	53	97200
42	54	412500
42	55	368900
42	56	27100
42	57	325600
42	59	127800
42	61	60500
42	63	49800
42	65	8100
42	66	13900
42	67	54900
42	69	12700
42	6	574100
42	70	24200
42	71	13000
42	72	3200
42	73	10900
42	7	5400
42	83	75500
42	8	355300
42	9	276400
44	0	637500
44	10	261200
44	11	729400
44	12	61600
44	13	439900
44	14	20500
44	15	439400
44	17	50100
44	19	83200
44	1	638700
44	20	45600
44	21	337300
44	22	96000
44	23	141900
44	24	154600
44	25	55000
44	26	320000
44	27	238200
44	28	126700
44	29	339600
44	2	946000
44	30	16700
44	31	527200
44	32	28400
44	33	415000
44	34	105200
44	35	249700
44	36	261200
44	37	217500
44	38	611500
44	39	67700
44	3	715700
44	40	917000
44	41	58900
44	42	1763800
44	44	1222700
44	46	1433000
44	48	1420200
44	50	1749800
44	52	1459900
44	53	172400
44	54	543000
44	55	494800
44	56	17900
44	57	391400
44	59	172600
44	61	96300
44	63	68100
44	65	14900
44	66	41800
44	67	101400
44	69	16200
44	6	504100
44	70	14000
44	71	14800
44	72	15400
44	73	27500
44	78	500
44	79	800
44	7	13300
44	83	207500
44	8	306900
44	9	406800
46	0	601400
46	10	235500
46	11	1158800
46	12	87100
46	13	539700
46	14	37900
46	15	688800
46	17	15000
46	19	128000
46	1	798600
46	20	159400
46	21	455900
46	22	68100
46	23	176100
46	24	268900
46	25	44900
46	26	334300
46	27	409200
46	28	159800
46	29	632700
46	2	965300
46	30	53700
46	31	505600
46	32	153300
46	33	500200
46	34	80900
46	35	410000
46	36	434000
46	37	180200
46	38	652300
46	39	113000
46	3	755800
46	40	821700
46	42	1680000
46	44	2261900
46	46	2924400
46	48	2661300
46	50	2687600
46	52	2658100
46	53	248900
46	54	1195600
46	55	931600
46	56	54400
46	57	736000
46	59	369000
46	5	26100
46	61	203800
46	63	112600
46	65	17500
46	66	60800
46	67	120600
46	68	200
46	69	45200
46	6	754100
46	70	48300
46	71	28300
46	72	22200
46	73	37800
46	78	300
46	7	14000
46	83	246400
46	8	385900
46	9	557000
48	0	1180600
48	10	458300
48	11	1453400
48	12	35500
48	13	1036800
48	14	21400
48	15	1012300
48	17	93600
48	18	28700
48	19	100300
48	1	1351900
48	20	127300
48	21	401500
48	22	214900
48	23	207200
48	24	478300
48	25	26700
48	26	646000
48	27	503700
48	28	213300
48	29	1170100
48	2	1078900
48	30	74800
48	31	824800
48	32	172600
48	33	654100
48	34	125400
48	35	357700
48	36	497200
48	37	400000
48	38	975100
48	39	141600
48	3	1150700
48	40	1204600
48	41	1400
48	42	1548700
48	44	2314600
48	46	4224400
48	48	5834900
48	4	28900
48	50	5860000
48	52	5178000
48	53	482900
48	54	2322500
48	55	1733100
48	56	108700
48	57	1547000
48	59	762800
48	5	49600
48	61	395700
48	63	310400
48	65	46400
48	66	123900
48	67	265700
48	68	1000
48	69	61300
48	6	1047200
48	70	66700
48	71	40500
48	72	33700
48	73	63700
48	78	1100
48	79	1500
48	7	90900
48	83	442900
48	8	570000
48	9	684600
50	0	1545600
50	10	541700
50	11	1641500
50	12	78000
50	13	1355500
50	14	6000
50	15	1447000
50	17	85600
50	18	17100
50	19	194300
50	1	1433900
50	20	170800
50	21	438400
50	22	168200
50	23	385900
50	24	544300
50	25	104100
50	26	1111900
50	27	877400
50	28	419600
50	29	1251800
50	2	1095700
50	30	88100
50	31	880000
50	32	90600
50	33	694500
50	34	275600
50	35	445500
50	36	552800
50	37	277100
50	38	1061000
50	39	135500
50	3	1276500
50	40	1216100
50	42	1512300
50	44	2351400
50	46	4187800
50	48	8165000
50	4	5100
50	50	11362400
50	52	9887600
50	53	917000
50	54	4333100
50	55	3530700
50	56	230100
50	57	2750700
50	59	1400600
50	5	22600
50	61	658600
50	63	472600
50	65	64900
50	66	218200
50	67	414100
50	68	1300
50	69	110900
50	6	1430200
50	70	122500
50	71	80900
50	72	71300
50	73	93500
50	78	600
50	79	2100
50	7	83900
50	83	788300
50	8	1256800
50	9	910000
52	0	1872400
52	10	425500
52	11	1637700
52	12	80300
52	13	1801000
52	15	1622100
52	17	63000
52	18	13300
52	19	201300
52	1	1776000
52	20	149600
52	21	288400
52	22	107000
52	23	212300
52	24	397200
52	25	26600
52	26	1023300
52	27	807600
52	28	559600
52	29	1284700
52	2	1113500
52	30	57300
52	31	791500
52	32	113300
52	33	701500
52	34	229500
52	35	374700
52	36	658500
52	37	183400
52	38	706200
52	39	70200
52	3	1242200
52	40	889700
52	42	1209000
52	44	1931300
52	46	3259100
52	48	6246900
52	50	11407900
52	52	14066000
52	53	1297700
52	54	6453400
52	55	5305300
52	56	321900
52	57	4712800
52	59	2159200
52	5	4300
52	61	1103000
52	63	734300
52	65	122100
52	66	276400
52	67	636000
52	68	3000
52	69	143100
52	6	1276300
52	70	153200
52	71	155700
52	72	122200
52	73	144600
52	78	5200
52	79	800
52	7	31300
52	83	1567000
52	8	1198600
52	9	854500
53	0	186700
53	10	11800
53	11	151100
53	12	4800
53	13	170800
53	15	201300
53	17	7800
53	18	900
53	19	79100
53	1	201100
53	20	15000
53	21	50200
53	22	4200
53	23	10100
53	24	37500
53	26	116400
53	27	76700
53	28	43400
53	29	137600
53	2	59400
53	30	6700
53	31	72700
53	32	22400
53	33	90500
53	34	21100
53	35	23200
53	36	73500
53	37	2000
53	38	50900
53	39	23000
53	3	161200
53	40	87500
53	42	142100
53	44	190100
53	46	307000
53	48	593300
53	50	1264900
53	52	1701700
53	53	267300
53	54	918800
53	55	696700
53	56	59900
53	57	563600
53	59	187600
53	61	97000
53	63	46200
53	65	3700
53	66	10100
53	67	39600
53	68	100
53	69	6500
53	6	150100
53	70	14200
53	71	8700
53	72	9600
53	73	13200
53	78	200
53	7	1400
53	83	77900
53	8	170800
53	9	149500
54	0	985600
54	10	155800
54	11	986900
54	12	89600
54	13	736200
54	15	936800
54	17	53700
54	18	11400
54	19	86300
54	1	1176600
54	20	48500
54	21	273400
54	22	22700
54	23	58900
54	24	164300
54	25	7200
54	26	484000
54	27	469900
54	28	198600
54	29	798700
54	2	487000
54	30	44800
54	31	334400
54	32	31500
54	33	268000
54	34	64500
54	35	194500
54	36	285300
54	37	68500
54	38	324400
54	39	55800
54	3	524800
54	40	490900
54	42	677700
54	44	763300
54	46	1486100
54	48	2783700
54	50	4970900
54	52	7780100
54	53	1046100
54	54	5018700
54	55	4056000
54	56	285800
54	57	3751900
54	59	1934900
54	61	992000
54	63	640400
54	65	74100
54	66	235300
54	67	542100
54	68	2100
54	69	106400
54	6	724300
54	70	149200
54	71	122800
54	72	83100
54	73	131200
54	78	100
54	79	800
54	7	32600
54	83	1045000
54	8	565500
54	9	523300
55	0	784000
55	10	140600
55	11	829500
55	12	45600
55	13	656900
55	15	729000
55	17	46000
55	18	5100
55	19	64000
55	1	1103400
55	20	22600
55	21	180100
55	22	31600
55	23	58700
55	24	159800
55	25	4700
55	26	495500
55	27	390500
55	28	71000
55	29	687200
55	2	393400
55	30	29100
55	31	300000
55	32	45000
55	33	244400
55	34	38800
55	35	178900
55	36	136900
55	37	52400
55	38	353600
55	39	36300
55	3	394900
55	40	311200
55	41	1700
55	42	497100
55	44	632400
55	46	1034000
55	48	2077600
55	50	3746300
55	52	5817300
55	53	763700
55	54	4546800
55	55	4812000
55	56	354200
55	57	4238800
55	59	2184800
55	61	1242100
55	63	874700
55	65	108100
55	66	300600
55	67	637900
55	68	3200
55	69	115300
55	6	738900
55	70	193100
55	71	130400
55	72	97900
55	73	143400
55	79	200
55	7	32200
55	83	1122600
55	8	565600
55	9	451900
56	0	99100
56	10	8800
56	11	84800
56	12	3500
56	13	105300
56	15	96300
56	17	100
56	19	15500
56	1	113400
56	20	100
56	21	23400
56	22	700
56	23	2300
56	24	18300
56	26	26700
56	27	49300
56	28	12400
56	29	77100
56	2	36400
56	30	2600
56	31	29000
56	32	6300
56	33	44400
56	34	1400
56	35	24600
56	36	6200
56	37	7700
56	38	35700
56	39	3800
56	3	62600
56	40	25500
56	42	89600
56	44	77700
56	46	128600
56	48	167700
56	50	393800
56	52	658600
56	53	96200
56	54	538600
56	55	643700
56	56	77300
56	57	563200
56	59	218300
56	61	107100
56	63	85700
56	65	10300
56	66	31700
56	67	53900
56	68	200
56	69	10700
56	6	100300
56	70	14200
56	71	12300
56	72	6800
56	73	9100
56	7	3000
56	83	92000
56	8	101100
56	9	41100
57	0	1051200
57	10	107400
57	11	799400
57	12	52700
57	13	874900
57	15	722600
57	17	24800
57	19	79400
57	1	1148300
57	20	44400
57	21	129700
57	22	700
57	23	43700
57	24	107500
57	25	16300
57	26	501000
57	27	476500
57	28	98300
57	29	620700
57	2	300400
57	30	45700
57	31	267700
57	32	20900
57	33	311800
57	34	30800
57	35	151200
57	36	217200
57	37	76600
57	38	322200
57	39	50800
57	3	346300
57	40	336600
57	41	100
57	42	449200
57	44	656100
57	46	985200
57	48	1759400
57	50	3287800
57	52	5440900
57	53	566100
57	54	4107400
57	55	5103100
57	56	467000
57	57	5952500
57	59	3601400
57	61	2135600
57	63	1609900
57	65	195800
57	66	586000
57	67	1015700
57	68	2800
57	69	201600
57	6	650300
57	70	282700
57	71	198700
57	72	124600
57	73	240800
57	78	300
57	79	200
57	7	11500
57	83	1680200
57	8	490500
57	9	370300
58	0	100
58	11	1400
58	52	100
59	0	530100
59	10	61200
59	11	434300
59	12	73900
59	13	442100
59	15	521700
59	17	47300
59	19	41300
59	1	693800
59	20	28200
59	21	115800
59	22	4200
59	23	25300
59	24	80800
59	25	1100
59	26	320100
59	27	241100
59	28	61600
59	29	421700
59	2	164100
59	30	4200
59	31	182600
59	32	32200
59	33	145300
59	34	34900
59	35	71800
59	36	120500
59	37	34700
59	38	229800
59	39	46700
59	3	182000
59	40	189000
59	42	201900
59	44	355300
59	46	483300
59	48	928300
59	50	1680000
59	52	2925400
59	53	277500
59	54	2439000
59	55	3191400
59	56	242400
59	57	4573300
59	59	3285800
59	61	2192800
59	63	1630900
59	65	248600
59	66	628600
59	67	1069100
59	68	7200
59	69	238800
59	6	373200
59	70	245500
59	71	199500
59	72	147200
59	73	172100
59	78	400
59	79	200
59	7	1900
59	83	1306300
59	8	219600
59	9	242900
61	0	257900
61	10	25800
61	11	313000
61	12	65100
61	13	338000
61	15	190300
61	17	36400
61	19	24600
61	1	579400
61	20	12500
61	21	46500
61	22	2200
61	23	32900
61	24	31100
61	25	1400
61	26	183700
61	27	135300
61	28	20200
61	29	296500
61	2	119100
61	30	2800
61	31	113100
61	32	12200
61	33	79600
61	34	5200
61	35	65800
61	36	55300
61	37	13000
61	38	93400
61	39	14200
61	3	59100
61	40	104700
61	42	148900
61	44	205300
61	46	286100
61	48	443900
61	50	853900
61	52	1527200
61	53	149100
61	54	1343700
61	55	1729000
61	56	123100
61	57	2705200
61	59	2582900
61	61	1911800
61	63	1505300
61	65	251200
61	66	634300
61	67	1045600
61	68	13300
61	69	267800
61	6	116600
61	70	297700
61	71	211400
61	72	134600
61	73	119500
61	78	1000
61	79	300
61	7	2000
61	83	1053400
61	8	119000
61	9	129600
63	0	207200
63	10	18500
63	11	170200
63	12	34600
63	13	236800
63	15	122900
63	17	12500
63	19	8600
63	1	545000
63	21	45200
63	22	700
63	23	11600
63	24	31400
63	26	162600
63	27	102800
63	28	10800
63	29	196800
63	2	58600
63	30	2500
63	31	56900
63	32	2000
63	33	25900
63	34	7800
63	35	30700
63	36	40400
63	37	12800
63	38	85100
63	39	9000
63	3	56000
63	40	68400
63	42	110200
63	44	132100
63	46	178400
63	48	349100
63	50	689400
63	52	1010400
63	53	68500
63	54	910200
63	55	1231500
63	56	75600
63	57	2010700
63	59	1897200
63	61	1720400
63	63	1633800
63	65	343400
63	66	708000
63	67	1123000
63	68	9900
63	69	335400
63	6	103900
63	70	356900
63	71	235200
63	72	145000
63	73	186200
63	7	3900
63	83	1052100
63	8	67500
63	9	112500
65	0	33200
65	11	37300
65	12	1700
65	13	19900
65	15	8800
65	1	106600
65	21	22500
65	23	1500
65	24	3300
65	26	23400
65	27	18800
65	28	2500
65	29	46000
65	2	9000
65	31	5800
65	33	1900
65	34	4200
65	36	7200
65	37	100
65	38	9600
65	3	19000
65	40	20000
65	42	10400
65	44	23300
65	46	30600
65	48	34800
65	50	94700
65	52	144900
65	53	4400
65	54	127600
65	55	152300
65	56	3600
65	57	306100
65	59	290200
65	61	296800
65	63	347800
65	65	68800
65	66	143100
65	67	250700
65	68	5500
65	69	81100
65	6	17100
65	70	71600
65	71	53600
65	72	32000
65	73	45500
65	79	1800
65	83	183700
65	8	8700
65	9	28100
66	0	97400
66	10	1500
66	11	69200
66	12	6400
66	13	98900
66	15	53900
66	17	100
66	19	500
66	1	220800
66	21	16100
66	22	100
66	23	600
66	24	10800
66	26	103500
66	27	49400
66	28	1900
66	29	104100
66	2	41500
66	30	2200
66	31	24900
66	32	300
66	33	16200
66	34	8800
66	35	2200
66	36	10900
66	37	300
66	38	23300
66	3	29600
66	40	26000
66	42	27500
66	44	49100
66	46	78700
66	48	120000
66	50	239600
66	52	352800
66	53	20800
66	54	354000
66	55	473400
66	56	20600
66	57	716200
66	59	701800
66	61	622000
66	63	762200
66	65	227400
66	66	401200
66	67	690800
66	68	8500
66	69	212300
66	6	47500
66	70	236600
66	71	173400
66	72	101600
66	73	143900
66	78	500
66	79	200
66	7	3600
66	83	640700
66	8	31700
66	9	55300
67	0	164200
67	10	5300
67	11	128700
67	12	10800
67	13	197100
67	15	122300
67	17	3700
67	19	1800
67	1	403500
67	21	35000
67	22	400
67	23	1800
67	24	19600
67	26	121400
67	27	113600
67	28	4800
67	29	164200
67	2	67500
67	31	47500
67	32	1300
67	33	32800
67	34	3000
67	35	4100
67	36	41400
67	38	55100
67	3	63200
67	40	54800
67	42	46600
67	44	91200
67	46	112700
67	48	196900
67	50	446700
67	52	699400
67	53	53100
67	54	597700
67	55	801300
67	56	42600
67	57	1217600
67	59	1130200
67	61	1148100
67	63	1333900
67	65	338800
67	66	774100
67	67	1506000
67	68	17700
67	69	478800
67	6	53600
67	70	474000
67	71	377500
67	72	285400
67	73	338400
67	78	2300
67	79	2400
67	7	1500
67	83	1395900
67	8	67800
67	9	78300
68	0	1200
68	11	2000
68	13	4000
68	15	4200
68	1	5900
68	21	2000
68	26	17200
68	27	9400
68	29	1000
68	2	1600
68	31	100
68	36	500
68	38	2300
68	3	300
68	42	1500
68	44	5600
68	46	6700
68	48	7600
68	50	11500
68	52	11600
68	53	100
68	54	7400
68	55	22700
68	57	36300
68	59	47400
68	61	59300
68	63	115500
68	65	34500
68	66	66300
68	67	92600
68	68	3100
68	69	35000
68	6	1300
68	70	32200
68	71	27300
68	72	9900
68	73	11800
68	83	54400
68	8	200
68	9	5500
69	0	42300
69	10	300
69	11	36200
69	12	500
69	13	60300
69	15	39400
69	17	5300
69	1	125400
69	20	100
69	21	11700
69	23	200
69	24	17200
69	26	42700
69	27	60700
69	28	100
69	29	37200
69	2	31600
69	31	9900
69	32	500
69	33	14100
69	35	6500
69	36	6000
69	37	400
69	38	19300
69	3	13200
69	40	13600
69	42	19900
69	44	28700
69	46	34200
69	48	74700
69	50	115700
69	52	186900
69	53	4500
69	54	140800
69	55	246100
69	56	8400
69	57	352200
69	59	356000
69	61	387000
69	63	455200
69	65	125900
69	66	306000
69	67	623200
69	68	9400
69	69	181800
69	6	23100
69	70	234500
69	71	219800
69	72	147100
69	73	138500
69	77	300
69	78	900
69	79	500
69	83	518200
69	8	13300
69	9	17000
6	0	59700
6	10	204900
6	11	1064000
6	12	964600
6	13	2399600
6	15	1255600
6	17	744500
6	18	600
6	19	84000
6	21	703500
6	22	91300
6	24	130300
6	25	303900
6	26	619700
6	27	199400
6	28	492400
6	29	1451800
6	2	1188700
6	30	85200
6	31	1003500
6	32	235300
6	33	611900
6	34	255400
6	35	565300
6	36	995100
6	37	402600
6	38	1033300
6	39	66300
6	3	466800
6	40	825400
6	42	944300
6	44	1480600
6	46	1787600
6	48	2384200
6	50	3622800
6	52	3654000
6	53	295800
6	54	1687000
6	55	1518200
6	56	129800
6	57	1482200
6	59	779800
6	61	361200
6	63	340200
6	65	42900
6	66	116300
6	67	206600
6	68	4200
6	69	53100
6	6	1786500
6	70	65600
6	71	63200
6	72	32100
6	73	48200
6	7	666100
6	83	344500
6	8	2208400
6	9	1637100
70	0	63800
70	10	900
70	11	27100
70	12	100
70	13	54300
70	15	46800
70	1	166400
70	20	1200
70	21	6500
70	23	2800
70	24	15900
70	26	58100
70	27	12100
70	28	100
70	29	52600
70	2	15200
70	31	15000
70	32	800
70	33	7900
70	34	200
70	35	8300
70	36	4500
70	37	1000
70	38	20100
70	3	19500
70	40	15800
70	42	14600
70	44	29100
70	46	36200
70	48	71800
70	50	148500
70	52	155000
70	53	8100
70	54	119400
70	55	210300
70	56	10500
70	57	317700
70	59	348400
70	61	319200
70	63	345100
70	65	70900
70	66	218400
70	67	578300
70	68	7600
70	69	208900
70	6	14100
70	70	247900
70	71	204100
70	72	153300
70	73	202200
70	77	800
70	78	3500
70	79	4400
70	83	691700
70	8	18400
70	9	20700
71	0	71500
71	10	1000
71	11	18700
71	13	54400
71	15	45000
71	1	113800
71	20	500
71	21	7300
71	22	400
71	23	3500
71	24	20200
71	26	32300
71	27	20800
71	29	49800
71	2	13800
71	31	10000
71	32	2300
71	33	4600
71	34	300
71	35	10000
71	36	2900
71	37	600
71	38	17700
71	3	20500
71	40	13500
71	42	18200
71	44	25600
71	46	53800
71	48	71700
71	50	107600
71	52	134300
71	53	3600
71	54	115500
71	55	132100
71	56	10000
71	57	246700
71	59	224700
71	61	185800
71	63	260800
71	65	66000
71	66	175000
71	67	446700
71	68	8000
71	69	180000
71	6	23200
71	70	217600
71	71	209600
71	72	145200
71	73	188000
71	77	100
71	78	4000
71	79	600
71	83	577600
71	8	17900
71	9	28600
72	0	56700
72	10	1900
72	11	23400
72	13	27900
72	15	22200
72	1	73700
72	20	100
72	21	7400
72	24	11300
72	26	17100
72	27	17400
72	29	37200
72	2	10500
72	31	9300
72	33	7300
72	34	2600
72	35	2500
72	36	1700
72	38	12300
72	3	15900
72	40	17000
72	42	6500
72	44	18900
72	46	30700
72	48	42700
72	50	81200
72	52	89400
72	53	2600
72	54	68900
72	55	84300
72	56	2900
72	57	139000
72	59	146200
72	61	141500
72	63	227000
72	65	58100
72	66	161800
72	67	388900
72	68	6800
72	69	130700
72	6	18900
72	70	167000
72	71	144700
72	72	137700
72	73	193200
72	78	1600
72	79	900
72	83	506300
72	8	10200
72	9	29600
73	0	58700
73	10	800
73	11	29300
73	13	52300
73	15	53700
73	1	167400
73	20	4600
73	21	13300
73	24	11300
73	26	26300
73	27	56100
73	29	51500
73	2	4400
73	31	7800
73	33	23600
73	34	4000
73	35	4700
73	36	5400
73	37	1000
73	38	16500
73	3	24000
73	40	9600
73	42	15000
73	44	14200
73	46	44900
73	48	74500
73	50	108200
73	52	183700
73	53	4300
73	54	100800
73	55	129300
73	56	3600
73	57	190400
73	59	216800
73	61	222300
73	63	267000
73	65	56400
73	66	220200
73	67	531300
73	68	6300
73	69	248100
73	6	55400
73	70	242300
73	71	221000
73	72	245500
73	73	549800
73	77	200
73	78	6200
73	79	5100
73	83	1043500
73	8	24900
73	9	32000
77	15	600
78	15	300
78	63	200
78	66	2800
78	67	6700
78	69	200
78	6	200
78	70	1600
78	71	600
78	72	2400
78	73	9900
78	78	1700
78	83	3400
78	8	1900
78	9	200
79	0	1500
79	1	500
79	26	2400
79	27	2100
79	50	4500
79	52	400
79	54	400
79	55	200
79	57	1000
79	59	1500
79	66	2100
79	67	6100
79	69	4200
79	70	3200
79	71	3400
79	72	4400
79	73	8000
79	78	3300
79	83	10000
79	9	3900
7	0	624800
7	10	1051200
7	11	1902600
7	13	2176400
7	15	820000
7	1	1808300
7	20	461100
7	21	182100
7	22	500
7	24	354100
7	26	1114000
7	27	869600
7	28	384600
7	29	1441200
7	2	95100
7	30	48500
7	31	1122200
7	32	135800
7	33	429800
7	34	164900
7	35	527300
7	36	737200
7	37	209300
7	38	654200
7	39	21600
7	3	544700
7	40	1075200
7	41	1400
7	42	1019300
7	44	1361000
7	46	2079500
7	48	3207100
7	50	4191200
7	52	4932500
7	53	472600
7	54	2152700
7	55	1826200
7	56	107600
7	57	1838300
7	59	1260800
7	61	681000
7	63	482100
7	65	73500
7	66	215000
7	67	390600
7	68	900
7	69	100400
7	6	115000
7	70	126000
7	71	97600
7	72	64500
7	73	64300
7	7	52000
7	83	606000
7	8	836400
7	9	2549600
80	1	600
80	54	1200
80	55	200
80	67	600
80	70	200
80	71	100
80	73	400
80	77	200
80	83	3100
81	83	100
83	0	316900
83	10	24900
83	11	246300
83	12	700
83	13	364700
83	15	155300
83	19	1800
83	1	723900
83	20	4400
83	21	45500
83	22	7700
83	23	6600
83	24	50600
83	26	147900
83	27	168200
83	28	6300
83	29	216900
83	2	44900
83	30	800
83	31	70000
83	32	900
83	33	79000
83	34	12000
83	35	32700
83	36	34400
83	37	6600
83	38	72100
83	39	4200
83	3	64200
83	40	63700
83	42	85500
83	44	160900
83	46	223800
83	48	377300
83	50	757400
83	52	1122600
83	53	58200
83	54	740700
83	55	959200
83	56	54900
83	57	1339300
83	59	1146900
83	61	922100
83	63	1043000
83	65	187500
83	66	612000
83	67	1571900
83	68	15300
83	69	464600
83	6	110500
83	70	660400
83	71	570200
83	72	542600
83	73	953200
83	77	1800
83	78	14000
83	79	9300
83	7	500
83	80	400
83	83	8654900
83	8	83400
83	9	141700
8	10	367900
8	11	1012000
8	13	683200
8	15	63700
8	18	240800
8	19	8800
8	24	88500
8	26	611700
8	27	521200
8	28	32800
8	29	214200
8	31	133400
8	32	79300
8	33	175200
8	34	130300
8	35	68000
8	36	385000
8	37	152600
8	38	296600
8	39	800
8	40	255400
8	41	7600
8	42	356200
8	44	388400
8	46	606000
8	48	721800
8	50	674800
8	52	684400
8	53	68300
8	54	312000
8	55	287200
8	56	10500
8	57	213800
8	59	142600
8	61	67800
8	63	40200
8	65	100
8	66	20300
8	67	31600
8	69	2800
8	6	640900
8	70	7500
8	71	9600
8	72	3600
8	73	11200
8	83	76200
8	8	1151600
8	9	858200
9	0	667800
9	10	433800
9	11	843500
9	12	195300
9	13	495700
9	15	273800
9	18	41100
9	19	21900
9	1	1951700
9	21	4500
9	24	212400
9	25	19700
9	26	586500
9	27	356300
9	28	18300
9	29	344500
9	2	391900
9	30	20100
9	31	424500
9	32	21200
9	33	73400
9	34	6000
9	35	126500
9	36	215400
9	37	266100
9	38	550000
9	39	26600
9	3	6400
9	40	426000
9	41	4900
9	42	557300
9	44	669600
9	46	1023700
9	48	1366800
9	50	1893400
9	52	1942100
9	53	190600
9	54	1052300
9	55	926300
9	56	65900
9	57	1029500
9	59	449300
9	61	234400
9	63	156500
9	65	30600
9	66	60200
9	67	147100
9	69	28100
9	6	1411800
9	70	42800
9	71	32700
9	72	28900
9	73	42300
9	78	5200
9	79	500
9	7	173600
9	83	441800
9	8	668000
9	9	1195800
