0	11	92700
0	16	75300
0	18	141900
0	19	276300
0	1	347600
0	21	292200
0	23	65600
0	24	200
0	25	600
0	26	50500
0	28	116300
0	29	400
0	2	600
0	30	106400
0	31	238400
0	32	9900
0	33	345400
0	34	38300
0	35	242900
0	36	104300
0	37	380800
0	38	80100
0	39	567500
0	40	93800
0	41	439500
0	42	3100
0	43	608100
0	44	10400
0	45	533900
0	46	1300
0	47	520000
0	48	17200
0	49	592900
0	4	192100
0	50	43400
0	51	478100
0	52	93000
0	53	369700
0	54	306500
0	55	206700
0	56	481400
0	57	75000
0	58	742100
0	59	800
0	5	812100
0	60	817600
0	62	689300
0	64	1846100
0	65	220800
0	66	4800
0	68	1592400
0	69	286100
0	70	217000
0	71	169800
0	72	105300
0	73	5500
0	74	220100
0	75	33700
0	76	11400
0	77	1600
0	78	1200
0	7	455100
0	83	477500
0	9	2100
10	16	341200
10	17	18200
10	18	33200
10	19	316000
10	20	40700
10	21	1017000
10	22	29000
10	23	137000
10	24	74400
10	25	62200
10	26	27400
10	27	10200
10	28	106200
10	29	58500
10	30	84100
10	31	122900
10	32	117500
10	33	211400
10	34	47800
10	35	50800
10	36	1900
10	37	114800
10	38	90100
10	39	138700
10	40	13800
10	41	81000
10	42	14000
10	43	93900
10	44	3600
10	45	97800
10	46	8500
10	47	144600
10	48	3000
10	49	104300
10	50	18900
10	51	62900
10	52	31300
10	53	49800
10	54	17800
10	55	25600
10	56	44500
10	57	8500
10	58	56200
10	5	124700
10	60	45500
10	62	21400
10	64	79900
10	65	600
10	68	37700
10	69	3100
10	70	1600
10	71	800
10	72	700
10	7	20700
10	83	6200
11	11	150700
11	18	606400
11	19	227400
11	20	73400
11	21	497200
11	22	91300
11	23	160100
11	24	199100
11	25	45500
11	26	408300
11	27	62200
11	28	358100
11	29	137500
11	30	401300
11	31	334100
11	32	267300
11	33	548800
11	34	183900
11	35	336900
11	36	86400
11	37	167300
11	38	62500
11	39	138300
11	40	9900
11	41	86400
11	42	45500
11	43	297300
11	44	107000
11	45	126400
11	47	29800
11	49	52900
11	50	2300
11	51	24900
11	52	12500
11	53	10200
11	54	25100
11	55	14500
11	56	14000
11	57	500
11	58	27100
11	5	40100
11	60	29900
11	62	28800
11	64	50600
11	65	3300
11	68	12700
11	69	2300
11	70	800
11	71	600
11	7	324000
11	83	3100
12	10	10100
12	11	177000
12	13	73200
12	16	914600
12	17	10700
12	18	127100
12	19	164500
12	20	207800
12	21	202500
12	23	241000
12	24	145600
12	25	112500
12	26	333500
12	27	118900
12	28	540700
12	29	108300
12	30	391700
12	31	280400
12	32	82500
12	33	345100
12	34	126900
12	35	240800
12	36	15400
12	37	208400
12	38	111600
12	39	398900
12	3	257100
12	40	87500
12	41	271700
12	42	14700
12	43	212700
12	44	2000
12	45	236900
12	46	3400
12	47	131700
12	48	24200
12	49	226200
12	4	59600
12	50	11800
12	51	130300
12	52	39700
12	53	137800
12	54	108500
12	55	79000
12	56	168300
12	57	18300
12	58	179800
12	5	218000
12	60	138900
12	62	121700
12	64	318900
12	65	17100
12	68	192400
12	69	32400
12	70	25800
12	71	19300
12	72	8100
12	74	34000
12	75	11300
12	76	4400
12	77	100
12	7	599100
12	83	57500
12	9	443000
13	0	66300
13	10	561500
13	11	768600
13	12	92900
13	13	102900
13	16	529900
13	17	159200
13	18	241400
13	19	420900
13	1	61200
13	20	900
13	21	549700
13	23	257100
13	24	152800
13	25	182800
13	26	615900
13	27	2000
13	28	487500
13	29	236100
13	30	618700
13	31	702600
13	32	219500
13	33	866000
13	34	97200
13	35	638200
13	36	251700
13	37	552500
13	38	176100
13	39	675600
13	40	94600
13	41	594400
13	42	72800
13	43	719900
13	44	67900
13	45	608500
13	46	16400
13	47	538500
13	48	32600
13	49	513400
13	4	545000
13	50	31100
13	51	419600
13	52	152300
13	53	426800
13	54	325900
13	55	239400
13	56	332000
13	57	53900
13	58	428100
13	59	200
13	5	886600
13	60	487000
13	62	425800
13	64	1253900
13	65	120300
13	66	4700
13	68	1155200
13	69	190600
13	70	147300
13	71	118100
13	72	67200
13	73	300
13	74	140900
13	75	21600
13	76	3300
13	77	2700
13	7	1346700
13	83	309400
13	9	200100
14	11	1700
14	16	22400
14	23	1600
14	27	37100
14	28	127700
14	29	117700
14	30	108100
14	31	2600
14	32	62200
14	33	190400
14	34	66200
14	35	126400
14	36	3800
14	37	29700
14	38	7800
14	39	39700
14	40	47600
14	41	30100
14	43	11800
14	44	800
14	45	78000
14	46	13300
14	47	59600
14	48	35000
14	49	50700
14	50	9500
14	51	32400
14	52	12200
14	53	8800
14	54	2500
14	55	1700
14	56	3500
14	58	10300
14	60	8000
14	68	1700
15	0	262600
15	10	185600
15	11	251600
15	12	78700
15	13	18400
15	16	154500
15	18	178500
15	19	416600
15	1	38500
15	20	30500
15	21	419600
15	23	687600
15	24	209000
15	25	297000
15	26	435300
15	27	239800
15	28	430400
15	29	79100
15	2	393600
15	30	670500
15	31	1034200
15	32	238600
15	33	464400
15	34	112000
15	35	457900
15	36	229400
15	37	519500
15	38	276100
15	39	716900
15	3	60000
15	40	50000
15	41	481700
15	42	50400
15	43	320000
15	44	9600
15	45	259500
15	46	11400
15	47	205400
15	48	9400
15	49	264000
15	4	260400
15	50	8500
15	51	154700
15	52	32000
15	53	100400
15	54	74100
15	55	63400
15	56	162900
15	57	21400
15	58	182900
15	59	2200
15	5	170800
15	60	219200
15	62	119500
15	64	428600
15	65	32700
15	66	600
15	68	310100
15	69	37800
15	70	40000
15	71	23000
15	72	22500
15	73	4900
15	74	44500
15	75	5000
15	76	3200
15	77	1000
15	7	101600
15	83	90000
15	9	85800
17	10	417800
17	11	3300
17	12	19700
17	13	5700
17	16	32100
17	18	233900
17	19	259300
17	21	199100
17	24	10100
17	25	8100
17	28	16900
17	29	5000
17	30	213700
17	31	450600
17	32	113400
17	33	63400
17	34	800
17	35	21800
17	36	41200
17	37	120400
17	38	47100
17	39	81400
17	40	4300
17	41	60000
17	42	600
17	43	118600
17	44	26700
17	45	133200
17	46	11200
17	47	56100
17	48	1300
17	49	77500
17	50	1600
17	51	11600
17	52	5700
17	53	14400
17	54	26800
17	55	17700
17	56	19500
17	57	1700
17	58	24800
17	60	12300
17	62	3300
17	64	33200
17	68	20000
17	69	12600
17	6	191500
17	70	3600
17	71	5100
17	72	2400
17	7	56100
17	83	3000
17	9	637000
18	10	6800
18	19	3600
18	21	17300
18	26	129400
18	27	44300
18	28	34600
18	30	11900
18	31	122300
18	32	79900
18	33	43100
18	34	700
18	35	3700
18	36	7400
18	37	97600
18	38	17500
18	39	100300
18	40	7200
18	41	68300
18	42	2300
18	43	61400
18	44	11600
18	45	26800
18	47	35400
18	49	5800
18	50	8500
18	51	29900
18	52	4900
18	53	5000
18	54	2000
18	55	3600
18	56	7700
18	57	1800
18	58	15700
18	60	29400
18	62	5400
18	64	19700
18	68	9500
18	69	800
18	6	28200
18	70	400
18	83	3300
18	9	1300
19	0	537200
19	10	181200
19	11	593400
19	13	230200
19	16	278500
19	18	125200
19	19	490400
19	1	346300
19	20	208200
19	21	282000
19	22	34600
19	23	86200
19	24	1400
19	25	185400
19	26	116500
19	27	38600
19	28	269700
19	29	71000
19	30	247700
19	31	234300
19	32	200000
19	33	330700
19	34	148800
19	35	387400
19	36	180900
19	37	325300
19	38	125100
19	39	269400
19	3	69000
19	40	55600
19	41	205200
19	42	4100
19	43	152500
19	44	42700
19	45	144200
19	46	12300
19	47	188500
19	48	8500
19	49	137800
19	4	125200
19	50	11300
19	51	122800
19	52	42100
19	53	107300
19	54	70200
19	55	52200
19	56	73000
19	57	12900
19	58	113900
19	59	100
19	5	251300
19	60	119700
19	62	114100
19	64	332300
19	65	22700
19	66	1400
19	68	197600
19	69	31900
19	6	194500
19	70	23600
19	71	22100
19	72	11500
19	74	25000
19	75	1400
19	76	400
19	7	105800
19	83	50700
19	9	70000
1	10	488600
1	11	2411300
1	12	200500
1	13	1410400
1	14	310500
1	15	500
1	16	401000
1	17	41900
1	18	647900
1	19	1092700
1	20	168400
1	21	1637000
1	22	195600
1	23	516300
1	24	174400
1	25	374400
1	26	541700
1	27	480000
1	28	1741200
1	29	432500
1	30	736500
1	31	1062000
1	32	136600
1	33	1057100
1	34	137700
1	35	642300
1	36	335300
1	37	944700
1	38	345800
1	39	1048400
1	40	223500
1	41	1193300
1	42	121400
1	43	1148100
1	44	60400
1	45	1150700
1	46	86800
1	47	918600
1	48	24200
1	49	710400
1	4	658300
1	50	48700
1	51	600700
1	52	199000
1	53	463000
1	54	413600
1	55	268800
1	56	464000
1	57	84900
1	58	732800
1	59	200
1	5	1433500
1	60	673300
1	62	490800
1	64	1683700
1	65	175000
1	66	2900
1	68	1558100
1	69	252300
1	70	195500
1	71	203200
1	72	151500
1	73	11200
1	74	263400
1	75	37000
1	76	11800
1	77	2100
1	78	800
1	7	653500
1	83	468100
1	9	302300
20	11	800
20	13	13600
20	18	147300
20	19	42400
20	21	184900
20	22	59700
20	23	31400
20	24	2100
20	25	1100
20	26	22200
20	28	37200
20	29	5900
20	30	44500
20	31	17700
20	32	57100
20	33	29500
20	35	15400
20	36	700
20	37	3800
20	38	200
20	39	15800
20	40	3500
20	41	59500
20	42	9500
20	43	16000
20	44	1000
20	45	12800
20	47	4800
20	64	5600
20	6	1100
20	8	340400
20	9	10400
21	0	119300
21	11	167700
21	13	22600
21	15	8000
21	16	370600
21	18	192600
21	19	230900
21	20	28600
21	21	107800
21	23	135900
21	25	27700
21	26	82700
21	27	20200
21	28	382100
21	29	135600
21	2	75800
21	30	100200
21	31	99700
21	32	14600
21	33	213600
21	34	14900
21	35	78200
21	36	22800
21	37	146500
21	38	130000
21	39	129700
21	40	84800
21	41	339600
21	42	54500
21	43	299800
21	44	61700
21	45	170200
21	46	9600
21	47	182100
21	48	25100
21	49	165300
21	4	11200
21	50	11100
21	51	78500
21	52	11900
21	53	22800
21	54	28400
21	55	5900
21	56	39800
21	57	900
21	58	35500
21	5	40000
21	60	35500
21	62	17200
21	64	84100
21	65	3300
21	68	80300
21	69	12800
21	6	1500
21	70	4200
21	71	3100
21	72	2500
21	74	6800
21	75	900
21	7	76300
21	83	21600
21	8	300700
21	9	291900
22	10	35900
22	11	9400
22	16	63100
22	18	141800
22	19	29900
22	21	87100
22	25	3500
22	26	19800
22	28	184200
22	29	110700
22	30	63900
22	31	36900
22	32	14600
22	33	4200
22	35	4500
22	36	29400
22	37	37700
22	38	2900
22	39	36600
22	40	200
22	41	13300
22	42	20900
22	43	41300
22	45	22400
22	46	2500
22	47	93800
22	48	11700
22	49	51300
22	4	324400
22	50	10900
22	51	43700
22	52	50800
22	53	5800
22	56	100
22	58	900
22	5	500
22	60	18900
22	62	1200
22	64	10100
22	65	2600
22	66	1600
22	68	11500
22	7	228500
23	0	55000
23	10	164500
23	11	100400
23	13	35200
23	16	130300
23	17	13400
23	18	53100
23	19	314300
23	20	276400
23	21	645200
23	23	292000
23	24	59900
23	25	2800
23	26	192200
23	27	69700
23	28	142400
23	29	87600
23	2	100
23	30	216100
23	31	233200
23	32	97300
23	33	176700
23	34	1000
23	35	112100
23	36	20300
23	37	55400
23	38	111300
23	39	56500
23	40	2000
23	41	127500
23	42	16000
23	43	92200
23	44	700
23	45	94000
23	46	900
23	47	96400
23	48	6500
23	49	105000
23	4	96600
23	50	10300
23	51	99300
23	52	33600
23	53	53300
23	54	39700
23	55	38200
23	56	56300
23	57	10200
23	58	34500
23	59	100
23	5	1600
23	60	48000
23	62	30200
23	64	147700
23	65	11300
23	66	3100
23	68	109800
23	69	18700
23	70	16200
23	71	11300
23	72	3600
23	73	200
23	74	8400
23	75	100
23	7	102300
23	83	22700
23	9	138000
24	0	2200
24	10	22500
24	11	20700
24	16	353400
24	17	6300
24	18	790400
24	19	511600
24	20	258300
24	21	729600
24	22	800
24	23	36200
24	24	20400
24	25	200
24	26	167300
24	27	35700
24	28	337000
24	29	102000
24	2	72800
24	30	98400
24	31	126100
24	32	159200
24	33	382700
24	34	71600
24	35	139900
24	36	70700
24	37	137500
24	38	72100
24	39	93200
24	40	16000
24	41	98300
24	42	7400
24	43	149900
24	44	17000
24	45	133000
24	46	1000
24	47	52100
24	48	300
24	49	54100
24	4	900
24	50	9700
24	51	63200
24	52	9100
24	53	30400
24	54	21300
24	55	13400
24	56	31300
24	58	40000
24	5	331100
24	60	35500
24	62	16700
24	64	76000
24	65	3600
24	68	72800
24	69	5200
24	70	4700
24	71	5900
24	72	8500
24	73	700
24	74	20800
24	7	4200
24	83	27200
24	9	173600
25	0	39800
25	10	55200
25	11	46500
25	14	31400
25	15	22500
25	16	247800
25	17	255600
25	18	213800
25	19	256100
25	20	11900
25	21	262800
25	22	35500
25	23	73500
25	24	34100
25	25	168500
25	26	169600
25	27	62200
25	28	346700
25	29	226100
25	2	66200
25	30	241100
25	31	442600
25	32	104900
25	33	229800
25	34	46000
25	35	161800
25	36	132600
25	37	274500
25	38	69600
25	39	159100
25	40	19400
25	41	130700
25	43	128000
25	44	11000
25	45	153400
25	46	8100
25	47	116000
25	48	12900
25	49	75600
25	4	8100
25	50	5500
25	51	71100
25	52	39700
25	53	58200
25	54	65100
25	55	71400
25	56	77200
25	57	16200
25	58	66100
25	5	271800
25	60	55000
25	62	32700
25	64	123500
25	65	6600
25	68	79600
25	69	6200
25	6	107800
25	70	6500
25	71	6000
25	72	5200
25	74	12600
25	75	5300
25	76	600
25	7	59400
25	83	37500
25	9	313900
26	0	105500
26	10	30500
26	11	54600
26	13	600
26	14	816700
26	16	14900
26	17	42200
26	18	190200
26	19	467000
26	1	23300
26	20	119200
26	21	182700
26	23	123100
26	24	4900
26	25	101900
26	26	600
26	28	17900
26	29	76800
26	30	44800
26	31	550800
26	32	272800
26	33	59900
26	34	19200
26	35	228400
26	36	119700
26	37	137300
26	38	36800
26	39	127600
26	40	24600
26	41	52000
26	43	91500
26	44	22600
26	45	99300
26	46	2300
26	47	51700
26	49	79100
26	50	9000
26	51	80600
26	52	26000
26	53	48300
26	54	27100
26	55	15300
26	56	26900
26	57	200
26	58	25100
26	5	590900
26	60	32400
26	62	24600
26	64	73500
26	65	5200
26	68	49600
26	69	8900
26	6	142000
26	70	4200
26	71	700
26	72	100
26	74	4300
26	75	100
26	7	75500
26	83	9200
26	9	297500
27	0	1400
27	10	39900
27	16	403200
27	17	21300
27	18	379500
27	19	342000
27	20	2200
27	21	166600
27	22	4900
27	26	5500
27	27	62400
27	28	113100
27	29	7400
27	30	6700
27	31	1000
27	32	800
27	33	37300
27	34	100
27	35	70400
27	36	32300
27	37	129700
27	38	51200
27	39	121200
27	40	12000
27	41	45800
27	43	47400
27	44	900
27	45	92000
27	46	2300
27	47	60700
27	48	100
27	49	57200
27	50	11500
27	51	46100
27	52	3600
27	53	3500
27	54	2900
27	55	9800
27	56	12000
27	57	200
27	58	20900
27	5	57900
27	60	29300
27	62	24800
27	64	46800
27	65	1400
27	68	27300
27	69	6800
27	6	28800
27	70	3100
27	71	200
27	74	100
27	7	208700
27	83	3400
28	0	138700
28	10	118200
28	11	103500
28	13	68300
28	14	72300
28	16	338000
28	17	146500
28	18	463000
28	19	335100
28	1	293900
28	20	126200
28	21	381800
28	23	237900
28	24	800
28	25	131900
28	26	615700
28	27	274500
28	28	510300
28	29	72500
28	30	560300
28	31	404800
28	32	88200
28	33	312500
28	34	68200
28	35	337100
28	36	142700
28	37	400900
28	38	160600
28	39	299000
28	3	232200
28	40	55900
28	41	249900
28	42	15000
28	43	262400
28	44	14900
28	45	284900
28	46	39700
28	47	236200
28	48	600
28	49	152500
28	4	249700
28	50	30600
28	51	99300
28	52	20300
28	53	62000
28	54	78700
28	55	68500
28	56	166600
28	57	12100
28	58	165100
28	59	1400
28	5	194000
28	60	135800
28	62	89800
28	64	426000
28	65	46500
28	66	600
28	68	305900
28	69	40100
28	6	60300
28	70	34600
28	71	25700
28	72	19300
28	73	400
28	74	53400
28	75	12700
28	76	3700
28	77	100
28	7	302200
28	83	100300
29	0	48600
29	10	10000
29	11	30100
29	13	41900
29	14	182900
29	15	28300
29	16	381300
29	17	14000
29	18	105600
29	19	121100
29	1	78300
29	20	92500
29	21	45700
29	23	100300
29	25	68300
29	26	153100
29	27	61900
29	28	275600
29	29	26700
29	30	172800
29	31	312300
29	32	52800
29	33	305400
29	34	11400
29	35	47000
29	36	40900
29	37	95400
29	38	9600
29	39	159800
29	3	172000
29	40	16500
29	41	174700
29	42	11200
29	43	87100
29	44	2300
29	45	152000
29	46	1600
29	47	45100
29	48	1200
29	49	36600
29	4	186700
29	50	35400
29	51	64700
29	52	17600
29	53	33300
29	54	25900
29	55	14000
29	56	49600
29	57	6100
29	58	38900
29	5	340400
29	60	24000
29	62	19100
29	64	73800
29	65	13600
29	66	300
29	68	31200
29	69	5300
29	6	4200
29	70	3700
29	71	3200
29	72	1800
29	73	100
29	74	9700
29	7	44400
29	83	5300
29	9	3300
2	10	77700
2	11	67800
2	16	25200
2	18	52300
2	19	126500
2	20	178500
2	21	293600
2	23	189800
2	24	249700
2	25	122400
2	26	79400
2	27	87200
2	28	333400
2	29	234800
2	30	260500
2	31	222000
2	32	46000
2	33	42100
2	34	300
2	35	150800
2	36	95400
2	37	406400
2	38	61800
2	39	238300
2	40	5900
2	41	169700
2	42	9200
2	43	188900
2	44	400
2	45	129800
2	46	1900
2	47	132800
2	48	1100
2	49	151500
2	4	149100
2	50	9000
2	51	119500
2	52	23800
2	53	84700
2	54	74000
2	55	65700
2	56	94100
2	57	11800
2	58	84200
2	5	215400
2	60	202300
2	62	175700
2	64	740600
2	65	95600
2	66	4400
2	68	657100
2	69	167900
2	70	122700
2	71	99300
2	72	61900
2	73	1900
2	74	115300
2	75	19500
2	76	5500
2	77	1200
2	7	218100
2	83	171000
30	0	284700
30	10	28000
30	11	89000
30	13	251700
30	14	33000
30	16	226100
30	17	38800
30	18	361300
30	19	547300
30	1	159100
30	20	190300
30	21	598100
30	23	280200
30	24	70600
30	25	130500
30	26	207300
30	27	23200
30	28	466300
30	29	258900
30	2	199800
30	30	240000
30	31	261600
30	32	104800
30	33	329600
30	34	31000
30	35	241000
30	36	65100
30	37	464400
30	38	98100
30	39	458100
30	3	53600
30	40	47200
30	41	279600
30	42	42200
30	43	273200
30	44	23600
30	45	147500
30	46	500
30	47	141200
30	48	7000
30	49	166700
30	4	299300
30	50	18300
30	51	150500
30	52	21700
30	53	67400
30	54	37500
30	55	45600
30	56	87900
30	57	9100
30	58	112500
30	5	405600
30	60	137500
30	62	98000
30	64	360600
30	65	38200
30	66	300
30	68	262600
30	69	39700
30	6	118300
30	70	51200
30	71	56100
30	72	28000
30	73	700
30	74	49800
30	75	11500
30	76	1600
30	7	200600
30	83	91300
31	0	35900
31	10	9500
31	11	26600
31	13	107300
31	16	67000
31	17	14500
31	18	126400
31	19	516900
31	1	1200
31	20	179800
31	21	765200
31	22	85000
31	23	256100
31	24	49600
31	25	67000
31	26	64800
31	27	10800
31	28	154700
31	29	134500
31	2	28900
31	30	96100
31	31	121600
31	32	55200
31	33	160800
31	34	9600
31	35	16000
31	36	31000
31	37	93900
31	38	26300
31	39	126600
31	40	42600
31	41	169800
31	42	55400
31	43	113500
31	44	14900
31	45	87000
31	46	9100
31	47	102400
31	48	9200
31	49	73300
31	4	287000
31	50	7600
31	51	52200
31	52	32200
31	53	18700
31	54	18100
31	55	8100
31	56	17100
31	57	200
31	58	16300
31	5	200300
31	60	31100
31	62	28700
31	64	54200
31	65	9200
31	66	2300
31	68	34100
31	69	600
31	70	1200
31	71	1500
31	74	1200
31	75	2000
31	7	20800
31	83	5700
31	8	1100
31	9	6800
32	0	239500
32	10	176800
32	11	193800
32	13	157300
32	14	33200
32	15	4200
32	16	281700
32	17	93700
32	18	362700
32	19	623400
32	1	264000
32	20	79800
32	21	618300
32	22	41800
32	23	162700
32	24	53300
32	25	82600
32	26	352600
32	27	46100
32	28	502200
32	29	70100
32	2	19300
32	30	106500
32	31	414200
32	32	112600
32	33	403300
32	34	70000
32	35	212600
32	36	109700
32	37	272200
32	38	154700
32	39	388700
32	3	229700
32	40	33100
32	41	400000
32	42	44500
32	43	388800
32	44	18600
32	45	350600
32	46	10300
32	47	329000
32	48	12900
32	49	243800
32	4	197900
32	50	18900
32	51	176200
32	52	66500
32	53	130200
32	54	128100
32	55	96100
32	56	177400
32	57	27200
32	58	164900
32	59	1400
32	5	775600
32	60	160300
32	62	124700
32	64	494600
32	65	50900
32	66	300
32	68	426200
32	69	61400
32	6	14100
32	70	48500
32	71	60900
32	72	40400
32	73	1300
32	74	62000
32	75	8600
32	76	2600
32	77	300
32	7	152800
32	83	99300
32	9	23500
33	0	203100
33	10	216300
33	11	244100
33	12	46200
33	13	100100
33	14	117500
33	16	497700
33	17	196300
33	18	461400
33	19	411800
33	1	127900
33	20	25800
33	21	399900
33	22	2700
33	23	123400
33	24	42700
33	25	16600
33	26	167800
33	27	125700
33	28	414400
33	29	61700
33	30	189300
33	31	391100
33	32	96600
33	33	207700
33	34	67500
33	35	388400
33	36	110500
33	37	373600
33	38	102600
33	39	310500
33	3	113800
33	40	30200
33	41	307300
33	42	56500
33	43	342600
33	44	49800
33	45	344800
33	46	12500
33	47	361400
33	48	22500
33	49	239000
33	4	127600
33	50	6100
33	51	172400
33	52	45900
33	53	113000
33	54	101600
33	55	85200
33	56	127300
33	57	11200
33	58	173900
33	5	634300
33	60	150000
33	62	115400
33	64	381300
33	65	34600
33	66	1300
33	68	350900
33	69	64000
33	6	200300
33	70	55000
33	71	41900
33	72	31400
33	73	300
33	74	45500
33	75	10600
33	76	3000
33	7	67300
33	83	89900
33	9	91100
34	0	127800
34	10	277600
34	11	78800
34	12	20900
34	13	232600
34	14	291500
34	16	260500
34	17	90900
34	18	106700
34	19	163400
34	1	15000
34	20	61000
34	21	355700
34	22	10200
34	23	201400
34	24	37500
34	25	36600
34	26	358900
34	27	29700
34	28	436000
34	29	59300
34	30	301300
34	31	321200
34	32	201900
34	33	407300
34	34	106600
34	35	197900
34	36	43800
34	37	142500
34	38	36600
34	39	69300
34	3	56100
34	40	15800
34	41	79900
34	42	13500
34	43	130400
34	44	12100
34	45	96200
34	46	2900
34	47	154300
34	48	3400
34	49	82000
34	4	475900
34	50	3200
34	51	51300
34	52	3600
34	53	19600
34	54	6600
34	55	13200
34	56	31300
34	57	3500
34	58	47700
34	59	400
34	5	476000
34	60	36800
34	62	20200
34	64	93700
34	65	1200
34	68	27300
34	69	4600
34	6	85400
34	70	3600
34	71	5600
34	72	2600
34	73	200
34	74	3200
34	75	2500
34	76	100
34	7	31300
34	83	9200
34	9	464600
35	0	253200
35	10	241600
35	11	177500
35	12	44100
35	13	233700
35	14	320200
35	15	4400
35	16	784600
35	17	259300
35	18	582200
35	19	672600
35	1	120700
35	20	103200
35	21	532400
35	22	12500
35	23	363200
35	24	267400
35	25	294600
35	26	713200
35	27	72400
35	28	562200
35	29	217300
35	2	241400
35	30	692500
35	31	772100
35	32	286200
35	33	522600
35	34	92900
35	35	352100
35	36	104700
35	37	611500
35	38	165800
35	39	473100
35	3	395600
35	40	77500
35	41	560900
35	42	81900
35	43	573300
35	44	33700
35	45	507800
35	46	41000
35	47	529000
35	48	33100
35	49	400500
35	4	674900
35	50	31200
35	51	262200
35	52	82600
35	53	221800
35	54	143000
35	55	110400
35	56	241900
35	57	38200
35	58	263000
35	59	100
35	5	651400
35	60	286500
35	62	180000
35	64	584200
35	65	73800
35	66	7700
35	68	501700
35	69	115300
35	6	128600
35	70	75400
35	71	66800
35	72	55100
35	73	3100
35	74	59000
35	75	10400
35	76	3800
35	77	4600
35	7	244700
35	83	121600
35	9	340900
36	10	71600
36	13	90600
36	14	14400
36	16	70900
36	17	157400
36	18	118700
36	19	110000
36	1	38400
36	20	300
36	21	35700
36	22	8300
36	23	51900
36	24	76100
36	25	10000
36	26	38500
36	27	1600
36	28	145200
36	29	34200
36	2	6100
36	30	42100
36	31	40700
36	32	58800
36	33	51800
36	35	27200
36	36	27100
36	37	56300
36	38	84100
36	39	43200
36	3	15700
36	40	2900
36	41	41900
36	42	7600
36	43	88500
36	44	9900
36	45	22600
36	47	8300
36	49	38700
36	4	30700
36	50	1200
36	51	17600
36	52	4600
36	53	15900
36	54	4100
36	55	1700
36	56	3700
36	58	2900
36	5	139800
36	60	1500
36	62	700
36	64	21300
36	65	400
36	68	5900
36	69	300
36	6	2400
36	70	400
36	71	1600
36	72	800
36	74	600
36	7	11200
36	83	800
36	9	30500
37	0	289700
37	10	78600
37	11	121600
37	12	8900
37	13	390600
37	14	14300
37	15	68400
37	16	238100
37	17	105500
37	18	375300
37	19	435100
37	1	119600
37	20	46500
37	21	542900
37	22	114600
37	23	280700
37	24	107200
37	25	347700
37	26	834200
37	27	146000
37	28	592100
37	29	146400
37	2	103900
37	30	476000
37	31	826200
37	32	147100
37	33	648400
37	34	92500
37	35	386300
37	36	223400
37	37	448100
37	38	164300
37	39	543300
37	3	232200
37	40	119400
37	41	516800
37	42	120800
37	43	488400
37	44	43600
37	45	428900
37	46	26000
37	47	352200
37	48	23000
37	49	272400
37	4	414700
37	50	18800
37	51	176600
37	52	36400
37	53	166000
37	54	80600
37	55	73100
37	56	165200
37	57	18100
37	58	149500
37	5	565700
37	60	130900
37	62	94200
37	64	252900
37	65	35000
37	66	600
37	68	197600
37	69	23200
37	6	59900
37	70	11100
37	71	9800
37	72	6200
37	74	16700
37	75	2700
37	76	700
37	77	1100
37	7	288000
37	83	66200
37	8	16000
37	9	253400
38	0	5000
38	10	8800
38	11	30600
38	13	302000
38	15	11900
38	16	12700
38	17	1200
38	18	79900
38	19	26200
38	21	65100
38	23	100200
38	24	13800
38	25	70000
38	26	193100
38	27	28100
38	28	118100
38	29	83500
38	2	500
38	30	227200
38	31	135000
38	32	51600
38	33	81500
38	34	13000
38	35	45700
38	36	27900
38	37	95800
38	38	25800
38	39	127700
38	3	43900
38	40	72800
38	41	183500
38	42	17200
38	43	126200
38	44	1000
38	45	95100
38	46	48600
38	47	104400
38	48	1800
38	49	45500
38	4	14600
38	50	6000
38	51	36500
38	52	3300
38	53	12300
38	54	19900
38	55	9700
38	56	16800
38	57	3200
38	58	20900
38	59	300
38	5	170900
38	60	13300
38	62	9500
38	64	29700
38	65	400
38	68	11400
38	69	2600
38	70	3300
38	71	400
38	72	800
38	74	700
38	7	22500
38	83	1100
38	9	58400
39	0	100200
39	10	72000
39	11	112500
39	13	68200
39	14	800
39	15	37700
39	16	265000
39	17	146700
39	18	149800
39	19	164900
39	1	55100
39	20	49200
39	21	232300
39	23	176500
39	24	121600
39	25	290600
39	26	252800
39	27	37700
39	28	209200
39	29	82900
39	2	22300
39	30	295700
39	31	315700
39	32	76700
39	33	206200
39	34	81100
39	35	103800
39	36	137500
39	37	255900
39	38	50900
39	39	227800
39	3	65300
39	40	78700
39	41	167500
39	42	24400
39	43	159000
39	44	13400
39	45	106100
39	46	2900
39	47	117700
39	48	19000
39	49	114900
39	4	149900
39	50	5100
39	51	68100
39	52	36200
39	53	49700
39	54	23800
39	55	13900
39	56	18600
39	57	10300
39	58	27700
39	59	100
39	5	245600
39	60	36900
39	62	25800
39	64	58600
39	65	1100
39	68	44900
39	69	1800
39	6	13200
39	70	2700
39	71	2200
39	72	6600
39	73	500
39	74	4700
39	76	800
39	7	143800
39	83	7600
39	9	90000
3	11	281300
3	13	473500
3	14	18000
3	16	91200
3	18	51700
3	19	220100
3	21	166100
3	23	47300
3	24	34900
3	25	69000
3	26	186200
3	27	25500
3	28	298100
3	29	301500
3	30	452300
3	31	362100
3	32	330400
3	33	571700
3	34	120400
3	35	197200
3	36	33600
3	37	353200
3	38	107500
3	39	428800
3	40	64500
3	41	320500
3	42	19200
3	43	419400
3	44	45400
3	45	550500
3	46	21000
3	47	441000
3	48	30900
3	49	300600
3	4	536300
3	50	46200
3	51	244200
3	52	69700
3	53	188400
3	54	123800
3	55	86000
3	56	162700
3	57	19500
3	58	205800
3	5	69600
3	60	240700
3	62	231400
3	64	612700
3	65	45500
3	66	1400
3	68	439200
3	69	86000
3	70	58900
3	71	60300
3	72	24500
3	73	200
3	74	76700
3	75	9900
3	76	6300
3	7	209100
3	83	117400
40	0	82800
40	10	145700
40	11	150300
40	13	2800
40	14	41000
40	15	2200
40	16	403600
40	17	73400
40	18	117600
40	19	166600
40	1	96100
40	20	19600
40	21	422200
40	23	194700
40	24	193200
40	25	348500
40	26	218300
40	27	61200
40	28	533600
40	29	222200
40	2	14500
40	30	244300
40	31	519100
40	32	86600
40	33	375300
40	34	83100
40	35	264700
40	36	166000
40	37	342900
40	38	156600
40	39	466500
40	3	117700
40	40	45000
40	41	253900
40	42	25100
40	43	237400
40	44	8900
40	45	170900
40	46	10400
40	47	141800
40	48	12200
40	49	160600
40	4	320600
40	50	9000
40	51	52900
40	52	28800
40	53	52700
40	54	69100
40	55	52600
40	56	99400
40	57	12000
40	58	73200
40	5	280100
40	60	82700
40	62	57800
40	64	129100
40	65	7300
40	68	96400
40	69	14100
40	6	5200
40	70	12800
40	71	10700
40	72	4900
40	74	8400
40	75	1600
40	76	1300
40	77	2300
40	7	149500
40	83	35200
40	9	187600
41	10	60200
41	18	14800
41	19	6700
41	21	30600
41	23	2500
41	25	2700
41	26	2100
41	28	300
41	29	200
41	30	1200
41	31	200
41	33	7500
41	35	100
41	36	2200
41	37	900
41	39	100
41	3	2400
41	43	1200
41	4	500
41	5	11200
41	9	24800
42	0	186200
42	10	197600
42	11	146600
42	13	17200
42	14	17400
42	15	300
42	16	279200
42	17	76900
42	18	203000
42	19	425400
42	1	64800
42	20	174600
42	21	550900
42	23	192000
42	24	113500
42	25	250200
42	26	520600
42	27	96600
42	28	712100
42	29	449500
42	2	112100
42	30	655800
42	31	649600
42	32	176500
42	33	672400
42	34	161900
42	35	592600
42	36	249600
42	37	510600
42	38	113300
42	39	619600
42	3	186300
42	40	134200
42	41	566400
42	42	45600
42	43	413700
42	44	13700
42	45	356000
42	46	8900
42	47	409200
42	48	32600
42	49	249600
42	4	389900
42	50	31000
42	51	191800
42	52	72700
42	53	163700
42	54	108400
42	55	91800
42	56	139800
42	57	9600
42	58	142600
42	5	430800
42	60	108000
42	62	67100
42	64	307000
42	65	25900
42	68	185200
42	69	19200
42	6	16800
42	70	21700
42	71	14800
42	72	10800
42	73	100
42	74	34900
42	75	4900
42	76	3900
42	77	400
42	7	240400
42	83	40900
42	9	306200
44	0	603000
44	10	151600
44	11	249700
44	12	25300
44	13	185700
44	14	85200
44	15	900
44	16	512900
44	17	220600
44	18	524500
44	19	696000
44	1	131100
44	20	391100
44	21	526200
44	23	243700
44	24	50300
44	25	201400
44	26	390000
44	27	98400
44	28	868600
44	29	320600
44	2	124900
44	30	725400
44	31	1092900
44	32	219400
44	33	941100
44	34	144200
44	35	753500
44	36	314300
44	37	811700
44	38	246800
44	39	763600
44	3	217100
44	40	140700
44	41	568700
44	42	79300
44	43	634200
44	44	60200
44	45	560800
44	46	25500
44	47	492800
44	48	19200
44	49	424700
44	4	729900
44	50	34400
44	51	341800
44	52	108900
44	53	247700
44	54	169100
44	55	117600
44	56	250200
44	57	20800
44	58	239200
44	59	100
44	5	531100
44	60	200600
44	62	214000
44	64	568600
44	65	40800
44	66	2900
44	68	372800
44	69	56200
44	6	98100
44	70	42800
44	71	49700
44	72	27700
44	73	600
44	74	38100
44	75	4300
44	76	900
44	77	600
44	7	297600
44	83	88500
44	8	10500
44	9	153300
46	0	783600
46	10	297500
46	11	341300
46	12	46500
46	13	227200
46	14	149400
46	15	1300
46	16	602300
46	17	221200
46	18	666000
46	19	1104100
46	1	542900
46	20	249300
46	21	870600
46	23	341000
46	24	134300
46	25	218500
46	26	575000
46	27	183600
46	28	1069900
46	29	378800
46	2	221600
46	30	964700
46	31	1200100
46	32	307400
46	33	1185100
46	34	128200
46	35	940500
46	36	388400
46	37	960700
46	38	427100
46	39	1215600
46	3	148300
46	40	201200
46	41	1079600
46	42	135500
46	43	1021700
46	44	57100
46	45	1008800
46	46	26800
46	47	1055200
46	48	66900
46	49	783300
46	4	840500
46	50	68100
46	51	596100
46	52	209600
46	53	463500
46	54	362900
46	55	284800
46	56	546500
46	57	64100
46	58	507000
46	59	1300
46	5	1152600
46	60	603500
46	62	391000
46	64	1106100
46	65	119000
46	66	1800
46	68	826300
46	69	126000
46	6	109200
46	70	106400
46	71	89500
46	72	71700
46	73	2200
46	74	123300
46	75	15500
46	76	6700
46	77	700
46	7	936700
46	83	250100
46	8	12900
46	9	282800
48	0	1268400
48	10	313000
48	11	536600
48	12	70300
48	13	407500
48	14	118600
48	15	49000
48	16	838300
48	17	198600
48	18	798600
48	19	1511300
48	1	482200
48	20	210300
48	21	1220900
48	22	5300
48	23	693700
48	24	245000
48	25	273600
48	26	945800
48	27	203700
48	28	1392200
48	29	394300
48	2	202700
48	30	1252300
48	31	1476700
48	32	395700
48	33	1516300
48	34	194800
48	35	1275800
48	36	413500
48	37	1513700
48	38	493300
48	39	1640900
48	3	194300
48	40	255200
48	41	1768200
48	42	179500
48	43	1762500
48	44	133200
48	45	1753300
48	46	52700
48	47	1650600
48	48	99200
48	49	1377000
48	4	949300
48	50	124900
48	51	1186000
48	52	314600
48	53	842700
48	54	703100
48	55	533200
48	56	1006800
48	57	102600
48	58	1052800
48	59	8100
48	5	1536100
48	60	1147700
48	62	796500
48	64	2244800
48	65	203600
48	66	8500
48	68	1678300
48	69	289000
48	6	253700
48	70	236200
48	71	194500
48	72	126800
48	73	4700
48	74	245900
48	75	34800
48	76	13900
48	77	3800
48	78	500
48	7	1222100
48	83	507400
48	8	16100
48	9	233200
50	0	1639900
50	10	533400
50	11	552300
50	12	3000
50	13	279000
50	14	135300
50	15	47200
50	16	808200
50	17	234000
50	18	832400
50	19	1432100
50	1	693900
50	20	180600
50	21	1501400
50	22	95500
50	23	488400
50	24	343000
50	25	315600
50	26	957700
50	27	185900
50	28	1648700
50	29	359900
50	2	374400
50	30	1734100
50	31	2033100
50	32	403900
50	33	2101400
50	34	389400
50	35	1575000
50	36	632900
50	37	2196200
50	38	733800
50	39	2308900
50	3	324500
50	40	311500
50	41	2215900
50	42	234600
50	43	2490300
50	44	144700
50	45	2796200
50	46	126600
50	47	2430800
50	48	116000
50	49	2227600
50	4	1515400
50	50	226700
50	51	1894400
50	52	498800
50	53	1332300
50	54	1031000
50	55	835700
50	56	1612400
50	57	227700
50	58	1752300
50	59	11100
50	5	2311300
50	60	1893400
50	62	1447500
50	64	4160800
50	65	423800
50	66	18100
50	68	3379700
50	69	535400
50	6	214200
50	70	420700
50	71	324300
50	72	205700
50	73	4900
50	74	398700
50	75	54600
50	76	14900
50	77	1700
50	7	1044800
50	83	870700
50	8	69700
50	9	229700
52	0	1720900
52	10	322200
52	11	689600
52	12	10800
52	13	223400
52	14	160300
52	15	12500
52	16	788400
52	17	158300
52	18	1093200
52	19	1527700
52	1	927700
52	20	215800
52	21	1702800
52	22	79000
52	23	743900
52	24	199500
52	25	271000
52	26	857900
52	27	177500
52	28	1780600
52	29	451700
52	2	344000
52	30	1849000
52	31	1997300
52	32	294800
52	33	2043000
52	34	389300
52	35	1721800
52	36	704300
52	37	2338600
52	38	613600
52	39	2601800
52	3	328800
52	40	323500
52	41	2734700
52	42	246000
52	43	2804500
52	44	145500
52	45	3219200
52	46	122200
52	47	3047000
52	48	121000
52	49	2803700
52	4	1419700
52	50	226500
52	51	2446600
52	52	717400
52	53	1936000
52	54	1404400
52	55	1071000
52	56	2110500
52	57	223000
52	58	2625100
52	59	4000
52	5	2542500
52	60	2704900
52	62	2103600
52	64	6664100
52	65	691300
52	66	25200
52	68	5254900
52	69	764200
52	6	257500
52	70	663100
52	71	542700
52	72	313700
52	73	12000
52	74	656300
52	75	86000
52	76	41000
52	77	4400
52	78	100
52	7	1333300
52	83	1473100
52	8	50500
52	9	339500
53	0	115900
53	10	3600
53	11	52400
53	13	8000
53	14	800
53	16	48300
53	17	2200
53	18	68200
53	19	102900
53	1	56200
53	20	12100
53	21	180700
53	22	16900
53	23	51300
53	24	7000
53	25	11700
53	26	94800
53	27	14100
53	28	129100
53	29	49000
53	2	15500
53	30	111600
53	31	161900
53	32	57900
53	33	155800
53	34	50300
53	35	116900
53	36	33100
53	37	92600
53	38	22100
53	39	192900
53	3	10000
53	40	27800
53	41	141800
53	42	9900
53	43	169900
53	44	12100
53	45	229200
53	46	3800
53	47	195200
53	48	11000
53	49	230400
53	4	156200
53	50	21900
53	51	155500
53	52	52400
53	53	148300
53	54	113800
53	55	76700
53	56	138000
53	57	18600
53	58	192800
53	5	154500
53	60	201600
53	62	133400
53	64	372000
53	65	35200
53	66	400
53	68	255400
53	69	29200
53	6	8600
53	70	25900
53	71	25200
53	72	13400
53	74	26600
53	75	1500
53	76	500
53	77	400
53	7	118300
53	83	61200
53	8	5500
53	9	24400
54	0	812300
54	10	155200
54	11	475900
54	13	61900
54	14	33300
54	15	1500
54	16	637300
54	17	38300
54	18	682200
54	19	900600
54	1	608700
54	20	161800
54	21	1001700
54	22	73200
54	23	421700
54	24	115300
54	25	231200
54	26	540200
54	27	65100
54	28	1013400
54	29	281800
54	2	151400
54	30	1103900
54	31	1284300
54	32	133500
54	33	1322200
54	34	216400
54	35	1090300
54	36	361200
54	37	1238100
54	38	308100
54	39	1594000
54	3	216600
54	40	189900
54	41	1778600
54	42	109300
54	43	1768300
54	44	66200
54	45	1937200
54	46	53700
54	47	1968600
54	48	74000
54	49	1742700
54	4	1050100
54	50	153100
54	51	1585300
54	52	463800
54	53	1514800
54	54	1068300
54	55	840700
54	56	1547100
54	57	187100
54	58	1948700
54	59	12000
54	5	1432800
54	60	2242100
54	62	1723300
54	64	6018500
54	65	659700
54	66	19000
54	68	4511800
54	69	717600
54	6	92800
54	70	555100
54	71	479900
54	72	344900
54	73	14800
54	74	651000
54	75	124800
54	76	36800
54	77	4800
54	78	100
54	7	909800
54	83	1260800
54	8	32500
54	9	163600
55	0	704600
55	10	141200
55	11	374100
55	13	22400
55	14	10900
55	15	4600
55	16	460900
55	17	31100
55	18	557100
55	19	648800
55	1	649200
55	20	61900
55	21	799100
55	22	31600
55	23	200900
55	24	80000
55	25	97700
55	26	359900
55	27	35300
55	28	684000
55	29	164200
55	2	85400
55	30	753500
55	31	905100
55	32	90400
55	33	964200
55	34	163600
55	35	779600
55	36	229700
55	37	945600
55	38	223300
55	39	1222400
55	3	156600
55	40	113900
55	41	1368400
55	42	69800
55	43	1297400
55	44	56300
55	45	1390300
55	46	56000
55	47	1461400
55	48	64800
55	49	1381400
55	4	622400
55	50	113500
55	51	1342500
55	52	359000
55	53	1087500
55	54	749200
55	55	648400
55	56	1242100
55	57	170800
55	58	1632700
55	59	4700
55	5	1020700
55	60	1896100
55	62	1584000
55	64	4918800
55	65	602600
55	66	25200
55	68	4421500
55	69	776700
55	6	51300
55	70	631700
55	71	513700
55	72	342600
55	73	19100
55	74	626400
55	75	69800
55	76	25900
55	77	4400
55	78	1400
55	7	600400
55	83	1164800
55	8	63400
55	9	71800
56	0	87100
56	10	9000
56	11	37300
56	13	3800
56	16	65600
56	17	1400
56	18	95200
56	19	88600
56	1	98900
56	20	5600
56	21	116600
56	23	29400
56	24	11900
56	25	26900
56	26	75700
56	27	1000
56	28	69700
56	29	13500
56	2	31200
56	30	83900
56	31	119200
56	32	5600
56	33	141800
56	34	34100
56	35	116800
56	36	35000
56	37	133400
56	38	31200
56	39	119200
56	3	5700
56	40	8500
56	41	172300
56	42	10500
56	43	147900
56	44	7400
56	45	130400
56	46	4900
56	47	199100
56	48	11600
56	49	214100
56	4	62200
56	50	13000
56	51	172300
56	52	60100
56	53	148300
56	54	100800
56	55	77700
56	56	167200
56	57	18000
56	58	187600
56	59	900
56	5	154700
56	60	214100
56	62	162600
56	64	516900
56	65	84400
56	66	4900
56	68	488300
56	69	74100
56	6	9900
56	70	72500
56	71	53100
56	72	30300
56	73	1300
56	74	51500
56	75	7700
56	76	2600
56	77	900
56	7	82200
56	83	115000
56	8	4100
56	9	1600
57	0	854500
57	10	111800
57	11	398300
57	13	47300
57	14	34200
57	15	13900
57	16	492200
57	17	48200
57	18	668400
57	19	833800
57	1	467600
57	20	77900
57	21	641300
57	22	800
57	23	124700
57	24	106000
57	25	179100
57	26	320100
57	27	46300
57	28	648800
57	29	111100
57	2	139700
57	30	758200
57	31	791100
57	32	84500
57	33	921000
57	34	151400
57	35	575200
57	36	234600
57	37	928500
57	38	202400
57	39	1034700
57	3	87700
57	40	113500
57	41	1171700
57	42	31800
57	43	1345800
57	44	77000
57	45	1548800
57	46	54700
57	47	1722100
57	48	62200
57	49	1547600
57	4	528400
57	50	113200
57	51	1370300
57	52	331200
57	53	1194200
57	54	830800
57	55	667300
57	56	1306200
57	57	166300
57	58	1856500
57	59	3000
57	5	1191900
57	60	2254000
57	62	1903800
57	64	6374100
57	65	760300
57	66	32600
57	68	5790800
57	69	999500
57	6	48400
57	70	848500
57	71	771300
57	72	521600
57	73	25700
57	74	922300
57	75	126200
57	76	49400
57	77	11200
57	78	200
57	7	685100
57	83	1575300
57	8	54400
57	9	82400
59	0	460900
59	10	89400
59	11	177200
59	13	32600
59	14	9800
59	16	274900
59	17	24800
59	18	349500
59	19	391000
59	1	211100
59	20	59100
59	21	372200
59	22	3000
59	23	100000
59	24	84800
59	25	66100
59	26	161200
59	27	32000
59	28	320000
59	29	65100
59	2	81000
59	30	382100
59	31	373800
59	32	65900
59	33	481700
59	34	64300
59	35	328200
59	36	103800
59	37	430300
59	38	63500
59	39	593000
59	3	60700
59	40	79200
59	41	591900
59	42	46700
59	43	710500
59	44	39400
59	45	832400
59	46	12600
59	47	714200
59	48	18400
59	49	759800
59	4	332400
59	50	65700
59	51	739300
59	52	159200
59	53	619800
59	54	522700
59	55	350900
59	56	804100
59	57	81500
59	58	1201200
59	59	1700
59	5	604000
59	60	1565800
59	62	1373400
59	64	4554800
59	65	673000
59	66	33500
59	68	4168900
59	69	737700
59	6	5300
59	70	637600
59	71	627800
59	72	412300
59	73	22700
59	74	739000
59	75	112300
59	76	50400
59	77	7600
59	7	460900
59	83	1146100
59	8	9300
59	9	51300
61	0	223700
61	10	54800
61	11	117100
61	13	15900
61	14	500
61	16	84700
61	17	700
61	18	154200
61	19	276300
61	1	99600
61	20	14200
61	21	206900
61	22	3200
61	23	109500
61	24	59200
61	25	40700
61	26	96200
61	27	1900
61	28	160800
61	29	24600
61	2	75700
61	30	233200
61	31	295100
61	32	20400
61	33	292200
61	34	50300
61	35	245300
61	36	87900
61	37	265400
61	38	21400
61	39	324300
61	3	43900
61	40	27100
61	41	354100
61	42	26900
61	43	392100
61	44	31000
61	45	410100
61	46	7400
61	47	414600
61	48	7300
61	49	361100
61	4	210100
61	50	41000
61	51	459200
61	52	129100
61	53	378300
61	54	318700
61	55	174500
61	56	461200
61	57	56700
61	58	768600
61	59	2300
61	5	263000
61	60	1110500
61	62	932800
61	64	3256000
61	65	498300
61	66	22400
61	68	3251200
61	69	673200
61	6	1700
61	70	544200
61	71	460100
61	72	345700
61	73	18400
61	74	587100
61	75	94900
61	76	25900
61	77	14100
61	78	400
61	7	203700
61	83	862800
61	8	6800
61	9	4100
63	0	140100
63	10	20300
63	11	49100
63	13	16400
63	14	700
63	16	68300
63	17	1300
63	18	76400
63	19	225000
63	1	82100
63	20	14300
63	21	108900
63	22	400
63	23	26300
63	24	500
63	25	16600
63	26	51400
63	27	400
63	28	141900
63	29	26600
63	2	51900
63	30	187000
63	31	201000
63	32	12200
63	33	188600
63	34	46500
63	35	93100
63	36	48300
63	37	141700
63	38	20000
63	39	235000
63	3	7100
63	40	17600
63	41	258000
63	42	6800
63	43	297600
63	44	5100
63	45	254300
63	46	2300
63	47	255800
63	48	18400
63	49	343300
63	4	176200
63	50	29900
63	51	319500
63	52	73600
63	53	276800
63	54	212700
63	55	167000
63	56	405200
63	57	30000
63	58	533400
63	59	2500
63	5	201200
63	60	859300
63	62	745800
63	64	2751000
63	65	420100
63	66	12400
63	68	2927900
63	69	660100
63	6	1700
63	70	503300
63	71	455400
63	72	315400
63	73	16000
63	74	567000
63	75	100000
63	76	29300
63	77	8500
63	7	140000
63	83	827400
63	8	19400
63	9	8600
65	0	10600
65	10	1000
65	11	3500
65	13	5300
65	16	18500
65	18	13200
65	19	24600
65	1	20000
65	20	6500
65	21	15700
65	23	2600
65	25	6700
65	26	2800
65	28	15400
65	29	4800
65	2	6300
65	30	12700
65	31	36800
65	32	400
65	33	28300
65	34	4300
65	35	20000
65	36	3100
65	37	39000
65	38	2100
65	39	41200
65	40	5000
65	41	25100
65	42	200
65	43	42100
65	45	57100
65	47	30300
65	48	400
65	49	68100
65	4	23100
65	50	3200
65	51	39200
65	52	9900
65	53	36700
65	54	29200
65	55	20400
65	56	62700
65	57	2700
65	58	90700
65	5	29500
65	60	154800
65	62	146800
65	64	539000
65	65	68600
65	66	3200
65	68	567700
65	69	134000
65	70	118800
65	71	101300
65	72	72400
65	73	4900
65	74	145200
65	75	26000
65	76	9400
65	77	1900
65	7	38500
65	83	146400
65	8	100
66	0	62400
66	10	10800
66	11	12600
66	13	6600
66	14	1700
66	16	28700
66	18	65500
66	19	60200
66	1	38400
66	20	2900
66	21	65600
66	23	8000
66	24	400
66	25	5400
66	26	11700
66	28	72400
66	29	11600
66	2	17000
66	30	53500
66	31	77300
66	32	2700
66	33	55800
66	34	19800
66	35	46500
66	36	13800
66	37	67800
66	38	11300
66	39	104000
66	3	500
66	40	4900
66	41	92300
66	42	4500
66	43	119700
66	44	300
66	45	130800
66	46	2700
66	47	132100
66	48	2800
66	49	154800
66	4	94400
66	50	4700
66	51	160300
66	52	25800
66	53	107900
66	54	86200
66	55	77200
66	56	174500
66	57	14800
66	58	253300
66	59	700
66	5	99300
66	60	394800
66	62	326100
66	64	1270400
66	65	269900
66	66	9700
66	68	1611500
66	69	325200
66	70	288300
66	71	236800
66	72	178900
66	73	10900
66	74	309200
66	75	67900
66	76	21100
66	77	10500
66	7	48000
66	83	426600
66	8	3800
66	9	3300
67	0	61300
67	10	16100
67	11	52600
67	13	1900
67	14	1300
67	16	22400
67	18	64700
67	19	84500
67	1	49300
67	20	7000
67	21	82100
67	23	7100
67	24	1300
67	25	6500
67	26	17700
67	28	60800
67	29	5300
67	2	15300
67	30	89000
67	31	55000
67	32	2100
67	33	35700
67	34	10200
67	35	55800
67	36	13200
67	37	73000
67	38	5800
67	39	90100
67	3	400
67	40	1900
67	41	68100
67	42	3800
67	43	123000
67	44	2000
67	45	100600
67	46	1800
67	47	117800
67	48	2600
67	49	130900
67	4	54300
67	50	6800
67	51	94900
67	52	19200
67	53	94600
67	54	91300
67	55	61200
67	56	139500
67	57	11800
67	58	207400
67	59	2200
67	5	78600
67	60	356900
67	62	272000
67	64	1140200
67	65	207900
67	66	7600
67	68	1395000
67	69	336900
67	70	291200
67	71	223800
67	72	190000
67	73	11800
67	74	349600
67	75	51900
67	76	22000
67	77	5500
67	7	57100
67	83	434900
67	8	2100
67	9	2500
68	0	72800
68	10	9100
68	11	32100
68	13	900
68	14	3300
68	16	27100
68	17	600
68	18	64200
68	19	73900
68	1	49900
68	20	6500
68	21	95300
68	23	6600
68	24	5600
68	25	5700
68	26	19600
68	27	1200
68	28	47100
68	29	2000
68	2	22500
68	30	83600
68	31	81700
68	32	3700
68	33	85900
68	34	3700
68	35	57600
68	36	8200
68	37	83500
68	38	15800
68	39	120800
68	3	1700
68	40	300
68	41	107000
68	42	6200
68	43	127400
68	44	1800
68	45	161800
68	46	4700
68	47	158500
68	48	2700
68	49	122000
68	4	48500
68	50	6800
68	51	127400
68	52	24500
68	53	129300
68	54	116600
68	55	71100
68	56	162600
68	57	16100
68	58	238000
68	59	200
68	5	106900
68	60	358300
68	62	355200
68	64	1409500
68	65	240000
68	66	16700
68	68	1778000
68	69	408200
68	6	200
68	70	401500
68	71	347800
68	72	229300
68	73	8600
68	74	421100
68	75	73800
68	76	25000
68	77	6900
68	7	64500
68	83	569100
68	8	500
68	9	4100
69	0	37900
69	10	8700
69	11	18100
69	13	4900
69	14	3700
69	16	15600
69	18	27300
69	19	47800
69	1	21500
69	20	3600
69	21	46900
69	23	9700
69	24	2400
69	25	5000
69	26	12300
69	27	300
69	28	31200
69	29	2000
69	2	5900
69	30	50900
69	31	65400
69	33	55700
69	34	3000
69	35	20300
69	36	2600
69	37	50200
69	38	6300
69	39	92400
69	40	100
69	41	82000
69	42	2000
69	43	91900
69	44	1500
69	45	89100
69	46	300
69	47	89500
69	48	1100
69	49	92000
69	4	40600
69	50	3000
69	51	100800
69	52	10100
69	53	84200
69	54	73300
69	55	41300
69	56	131200
69	57	4700
69	58	161100
69	5	85800
69	60	259100
69	62	276800
69	64	1050900
69	65	183400
69	66	12100
69	68	1347100
69	69	295000
69	6	200
69	70	271200
69	71	241400
69	72	166700
69	73	6100
69	74	280900
69	75	54700
69	76	25300
69	77	8500
69	7	38200
69	83	457200
69	8	200
69	9	1100
6	0	181900
6	10	1309200
6	11	2054400
6	12	357400
6	13	1036800
6	14	1073100
6	15	156100
6	16	4175600
6	17	1054900
6	18	3621700
6	19	3415500
6	1	719900
6	20	953700
6	21	3582600
6	22	107600
6	23	945200
6	24	984600
6	25	710600
6	26	1204300
6	27	290700
6	28	1710000
6	29	1335100
6	2	100
6	30	1118400
6	31	1335400
6	32	494000
6	33	1183300
6	34	199400
6	35	1287500
6	36	449300
6	37	1065800
6	38	372300
6	39	1440800
6	3	877400
6	40	194200
6	41	1282700
6	42	226900
6	43	1382100
6	44	75800
6	45	933700
6	46	19900
6	47	997100
6	48	48900
6	49	636900
6	4	1210000
6	50	37900
6	51	522800
6	52	120000
6	53	433300
6	54	328000
6	55	272200
6	56	541500
6	57	61800
6	58	586900
6	59	5500
6	5	4572900
6	60	637700
6	62	446300
6	64	1778300
6	65	200400
6	66	6200
6	68	1380600
6	69	232800
6	6	1540800
6	70	177400
6	71	165900
6	72	112900
6	73	11200
6	74	260200
6	75	48600
6	76	24700
6	77	2500
6	7	1812300
6	83	440700
6	9	144400
70	0	29000
70	10	11700
70	11	14100
70	13	2900
70	14	400
70	16	10300
70	18	30100
70	19	45400
70	1	22700
70	20	10100
70	21	30900
70	23	400
70	24	1100
70	25	4400
70	26	14800
70	27	400
70	28	31800
70	29	6600
70	2	7600
70	30	37400
70	31	41000
70	32	100
70	33	62600
70	34	2600
70	35	18600
70	36	10600
70	37	56900
70	38	1800
70	39	61400
70	3	200
70	40	1500
70	41	78100
70	42	500
70	43	53800
70	44	1600
70	45	51600
70	46	500
70	47	66900
70	48	4500
70	49	77700
70	4	19600
70	50	5000
70	51	73200
70	52	7400
70	53	80600
70	54	67300
70	55	43800
70	56	97000
70	57	9900
70	58	143100
70	5	57000
70	60	229500
70	62	218000
70	64	907100
70	65	151900
70	66	9100
70	68	1029000
70	69	225200
70	6	300
70	70	242100
70	71	199200
70	72	151300
70	73	8800
70	74	258800
70	75	59000
70	76	17500
70	77	3300
70	7	39200
70	83	383000
70	8	700
70	9	500
71	0	28100
71	10	11800
71	11	8300
71	13	3000
71	16	5600
71	18	25900
71	19	51700
71	1	20200
71	20	13100
71	21	24900
71	24	900
71	25	2200
71	26	17700
71	27	600
71	28	21200
71	29	10800
71	2	4600
71	30	28700
71	31	36500
71	33	38500
71	34	3800
71	35	29100
71	36	5300
71	37	36100
71	38	1900
71	39	54200
71	3	400
71	40	400
71	41	58400
71	42	2400
71	43	63600
71	44	4100
71	45	63800
71	47	46600
71	48	5000
71	49	60600
71	4	21400
71	50	2800
71	51	61100
71	52	7200
71	53	53900
71	54	37500
71	55	35600
71	56	72000
71	57	1600
71	58	121000
71	59	100
71	5	33600
71	60	189400
71	62	175900
71	64	710100
71	65	134000
71	66	10400
71	68	847800
71	69	191900
71	6	200
71	70	209000
71	71	186900
71	72	129600
71	73	7300
71	74	238800
71	75	43500
71	76	16800
71	77	4100
71	7	38400
71	83	308700
71	8	1000
71	9	200
72	0	12300
72	10	1900
72	11	6500
72	13	2800
72	16	4800
72	18	19100
72	19	35900
72	1	14200
72	21	12700
72	23	1300
72	24	1200
72	25	1100
72	26	7400
72	28	27100
72	29	6700
72	2	1700
72	30	18000
72	31	33300
72	33	19900
72	34	1700
72	35	33000
72	36	11600
72	37	37100
72	38	2300
72	39	45200
72	3	1200
72	40	1800
72	41	41300
72	42	1000
72	43	32700
72	44	4300
72	45	59000
72	47	38200
72	48	2800
72	49	34400
72	4	24100
72	50	500
72	51	41600
72	52	9300
72	53	40500
72	54	31000
72	55	27500
72	56	73800
72	57	1400
72	58	76700
72	59	100
72	5	26400
72	60	117300
72	62	132900
72	64	555400
72	65	96900
72	66	10700
72	68	685900
72	69	201200
72	6	200
72	70	159600
72	71	143400
72	72	103000
72	73	6800
72	74	198800
72	75	40200
72	76	21000
72	77	8200
72	7	31000
72	83	282500
72	8	1700
73	0	4100
73	10	50900
73	11	9000
73	13	8100
73	16	20100
73	18	23700
73	19	31800
73	1	33100
73	21	35700
73	23	300
73	24	400
73	25	10900
73	26	16900
73	28	73700
73	29	4400
73	2	10500
73	30	32600
73	31	51600
73	32	500
73	33	53100
73	34	3100
73	35	55900
73	36	17900
73	37	63300
73	38	13800
73	39	84500
73	40	400
73	41	74400
73	42	600
73	43	80300
73	44	10700
73	45	103400
73	46	2500
73	47	65700
73	48	2100
73	49	67700
73	4	35300
73	50	1600
73	51	56500
73	52	13000
73	53	57500
73	54	29900
73	55	30400
73	56	94100
73	57	18000
73	58	134500
73	5	50300
73	60	182200
73	62	183000
73	64	849500
73	65	141400
73	66	14600
73	68	1282600
73	69	319500
73	6	3000
73	70	292300
73	71	228000
73	72	211300
73	73	11900
73	74	338600
73	75	70400
73	76	42100
73	77	8800
73	78	100
73	7	44000
73	83	498400
73	8	1000
77	10	100
77	30	100
77	33	900
77	47	2900
77	64	100
77	65	100
77	68	100
77	69	900
77	70	700
77	74	300
77	83	800
78	0	1000
78	18	1700
78	19	4200
78	28	2400
78	29	800
78	31	2700
78	33	1400
78	36	600
78	37	700
78	39	400
78	43	3400
78	45	4900
78	47	1700
78	49	2700
78	56	400
78	57	1100
78	58	2800
78	60	100
78	64	11900
78	65	3100
78	68	16000
78	69	3400
78	70	2900
78	71	3000
78	72	1700
78	74	6500
78	75	1400
78	76	300
78	83	5700
79	0	1800
79	18	600
79	19	1200
79	28	2500
79	2	1900
79	30	800
79	33	300
79	37	500
79	39	1500
79	41	400
79	43	1100
79	44	1300
79	45	1800
79	47	400
79	49	300
79	58	3200
79	60	200
79	64	5700
79	65	300
79	68	6400
79	69	2700
79	70	2400
79	71	500
79	72	3600
79	74	4900
79	75	1500
79	76	2200
79	83	3300
7	0	565600
7	11	1022100
7	12	101500
7	13	401200
7	14	245000
7	16	1197700
7	17	1055700
7	18	549700
7	19	1093500
7	1	176900
7	20	126500
7	21	1221700
7	23	404900
7	24	88600
7	25	169100
7	26	665200
7	27	353400
7	28	1516100
7	29	643100
7	2	414600
7	30	1604700
7	31	1085900
7	32	383200
7	33	1323900
7	34	305100
7	35	959300
7	36	371600
7	37	1454800
7	38	406500
7	39	1517500
7	3	597600
7	40	330300
7	41	1858500
7	42	212900
7	43	1765000
7	44	200400
7	45	1438700
7	46	11300
7	47	1557100
7	48	94800
7	49	1372800
7	4	2327000
7	50	129600
7	51	1101300
7	52	257000
7	53	817200
7	54	618300
7	55	517100
7	56	858200
7	57	76300
7	58	895400
7	59	3100
7	5	1895900
7	60	920600
7	62	625500
7	64	2130200
7	65	179100
7	66	11600
7	68	1710000
7	69	225900
7	6	855300
7	70	168300
7	71	165300
7	72	100400
7	73	2100
7	74	205500
7	75	25100
7	76	18400
7	77	7500
7	7	2009200
7	83	516100
7	9	158700
80	52	500
80	64	400
80	65	100
80	68	300
80	70	1000
80	74	1200
80	75	200
80	83	1600
83	0	212500
83	10	38000
83	11	81500
83	13	4700
83	16	90000
83	17	500
83	18	168100
83	19	254100
83	1	114600
83	20	6800
83	21	161600
83	22	100
83	23	19200
83	24	5000
83	25	9600
83	26	29200
83	27	9200
83	28	214000
83	29	25800
83	2	39100
83	30	150800
83	31	213200
83	32	6200
83	33	218700
83	34	10200
83	35	140900
83	36	33200
83	37	210600
83	38	21500
83	39	265200
83	3	45500
83	40	5800
83	41	312200
83	42	12100
83	43	326200
83	44	23400
83	45	377400
83	46	9200
83	47	322900
83	48	11500
83	49	378100
83	4	111500
83	50	16600
83	51	345400
83	52	77200
83	53	330200
83	54	223600
83	55	161800
83	56	423400
83	57	41400
83	58	594300
83	59	300
83	5	326400
83	60	717200
83	62	771600
83	64	3696200
83	65	481400
83	66	28500
83	68	4654800
83	69	1018900
83	6	10500
83	70	909600
83	71	794600
83	72	568400
83	73	24500
83	74	1236900
83	75	282600
83	76	137600
83	77	32700
83	78	400
83	7	169000
83	83	2439800
83	8	1900
83	9	6500
8	18	25700
8	19	82200
8	20	2800
8	28	57600
8	29	5800
8	30	38500
8	31	47900
8	32	700
8	33	86900
8	34	1400
8	35	33800
8	36	3300
8	37	56000
8	38	3100
8	39	85000
8	40	800
8	41	95500
8	42	13300
8	43	108800
8	44	3300
8	45	130200
8	46	5000
8	47	32000
8	48	2900
8	49	46200
8	4	349800
8	50	100
8	51	29200
8	52	7700
8	53	67900
8	54	34700
8	55	22700
8	56	37700
8	57	100
8	58	20500
8	5	125200
8	60	16500
8	62	29100
8	64	83500
8	65	3800
8	68	40000
8	7	72200
8	83	2700
9	11	4400
9	13	180000
9	16	303300
9	17	36400
9	18	288800
9	19	807200
9	20	67700
9	21	572300
9	22	150700
9	23	222600
9	24	48700
9	25	47700
9	26	243900
9	27	37800
9	28	447200
9	29	237500
9	30	215300
9	31	186000
9	32	55000
9	33	443400
9	34	123600
9	35	126600
9	36	24200
9	37	183200
9	38	65400
9	39	232300
9	40	72700
9	41	210900
9	42	8500
9	43	217000
9	44	23100
9	45	161800
9	46	11400
9	47	113600
9	48	16700
9	49	124700
9	50	31200
9	51	89400
9	52	11100
9	53	44700
9	54	22900
9	55	28800
9	56	63400
9	57	8200
9	58	62300
9	5	79900
9	60	61400
9	62	29000
9	64	121300
9	65	9200
9	68	71200
9	69	5200
9	70	4600
9	71	1800
9	72	400
9	74	2900
9	75	700
9	76	100
9	7	125400
9	83	11500
