10	0	39200
10	10	681300
10	11	79100
10	13	60400
10	14	259000
10	16	42600
10	17	191400
10	18	168600
10	19	148200
10	1	195100
10	21	369300
10	23	119400
10	24	48700
10	26	84300
10	27	28700
10	28	184500
10	29	150800
10	30	526600
10	31	629900
10	32	293500
10	33	322500
10	34	73800
10	35	350900
10	36	221800
10	37	259700
10	38	75600
10	39	186000
10	3	294100
10	40	26000
10	41	243300
10	42	29900
10	43	251200
10	44	9800
10	45	159700
10	46	6900
10	47	200700
10	48	8900
10	49	184500
10	4	203200
10	50	17900
10	51	104800
10	52	26600
10	53	80300
10	54	74900
10	55	68500
10	56	114300
10	57	11800
10	58	129200
10	5	374900
10	60	138000
10	62	82600
10	64	275900
10	65	10400
10	66	1900
10	68	183300
10	69	20400
10	70	16800
10	71	11000
10	72	9800
10	73	800
10	74	20200
10	7	181200
10	83	27400
10	8	213800
10	9	94900
11	0	94700
11	10	2300
11	11	227500
11	12	241600
11	13	852000
11	14	1200
11	16	876700
11	17	86100
11	18	196700
11	19	210800
11	1	28000
11	20	700
11	21	685200
11	23	162000
11	24	85400
11	25	72900
11	26	597400
11	27	86400
11	28	488500
11	29	263200
11	30	384300
11	31	439700
11	32	122900
11	33	362700
11	34	32200
11	35	259700
11	36	256700
11	37	390700
11	38	117100
11	39	574300
11	40	84300
11	41	503200
11	42	48200
11	43	491500
11	44	14900
11	45	532800
11	46	23700
11	47	357600
11	48	15700
11	49	332300
11	4	579300
11	50	37700
11	51	237500
11	52	57800
11	53	225000
11	54	163700
11	55	107100
11	56	209700
11	57	31800
11	58	235800
11	59	7000
11	5	542400
11	60	258900
11	62	133200
11	64	419500
11	65	31400
11	66	400
11	68	329000
11	69	29400
11	6	28900
11	70	23200
11	71	23700
11	72	20400
11	73	300
11	74	39700
11	75	4500
11	76	7400
11	77	1100
11	7	19200
11	83	109800
11	8	29900
11	9	327300
12	0	82700
12	10	29700
12	11	2700
12	13	102200
12	14	128500
12	16	533300
12	17	449600
12	18	289000
12	19	343700
12	20	189700
12	21	205700
12	23	138000
12	24	22700
12	25	178500
12	26	169100
12	27	16100
12	28	342800
12	29	266400
12	30	431000
12	31	315400
12	32	31000
12	33	175400
12	34	18700
12	35	231900
12	36	84100
12	37	259300
12	38	123900
12	39	468700
12	40	102800
12	41	273900
12	42	61600
12	43	303800
12	44	12200
12	45	186900
12	46	6100
12	47	186100
12	48	3700
12	49	213700
12	4	156300
12	50	12900
12	51	161800
12	52	58400
12	53	117900
12	54	67000
12	55	41600
12	56	75100
12	57	7200
12	58	114700
12	59	500
12	5	837300
12	60	122400
12	62	74300
12	64	203400
12	65	13800
12	68	138500
12	69	19700
12	6	43800
12	70	11900
12	71	4400
12	72	3100
12	74	13300
12	75	2900
12	76	100
12	7	144100
12	83	41700
12	9	66400
13	0	367800
13	10	16500
13	11	489300
13	13	187300
13	14	12600
13	16	253900
13	17	309500
13	18	575600
13	19	753500
13	1	93500
13	20	193600
13	21	651900
13	22	3000
13	23	631600
13	24	150600
13	25	143700
13	26	435900
13	27	103200
13	28	759400
13	29	268100
13	2	571300
13	30	700300
13	31	708300
13	32	178900
13	33	916300
13	34	64400
13	35	797100
13	36	293900
13	37	918600
13	38	230300
13	39	830700
13	3	218200
13	40	141900
13	41	751200
13	42	97900
13	43	916800
13	44	84200
13	45	910900
13	46	76600
13	47	733900
13	48	43800
13	49	625200
13	4	1198000
13	50	62900
13	51	479500
13	52	127700
13	53	405600
13	54	271100
13	55	203200
13	56	460600
13	57	62000
13	58	471100
13	5	2000500
13	60	537900
13	62	344500
13	64	1026300
13	65	93700
13	66	1200
13	68	805100
13	69	122200
13	6	311300
13	70	126200
13	71	97200
13	72	54800
13	73	1700
13	74	96700
13	75	12500
13	76	5100
13	77	1500
13	7	336400
13	83	219600
13	9	80300
14	11	92000
14	13	62100
14	16	300
14	18	6100
14	19	145800
14	20	43400
14	21	34300
14	26	3000
14	28	103000
14	29	16000
14	2	26700
14	30	19600
14	31	148100
14	32	119600
14	33	78300
14	34	5900
14	35	35800
14	36	29600
14	37	18900
14	38	16600
14	39	77500
14	40	17600
14	41	48900
14	43	16000
14	44	7800
14	45	19900
14	47	17000
14	49	600
14	51	100
14	52	200
14	53	4200
14	54	3100
14	55	3600
14	56	9900
14	58	300
14	5	612300
14	60	100
14	64	3700
15	0	995700
15	10	239300
15	11	414800
15	12	93000
15	13	171100
15	16	1001700
15	17	186900
15	18	1213300
15	19	843500
15	1	813900
15	20	134900
15	21	2298700
15	22	121700
15	23	664500
15	24	248600
15	25	224500
15	26	636000
15	27	112800
15	28	1131000
15	29	187300
15	2	96100
15	30	1045300
15	31	1083300
15	32	417200
15	33	857800
15	34	218900
15	35	969900
15	36	344800
15	37	911000
15	38	412300
15	39	992600
15	3	26100
15	40	119400
15	41	967200
15	42	99800
15	43	1061600
15	44	48600
15	45	908900
15	46	30600
15	47	862000
15	48	55900
15	49	768600
15	4	623400
15	50	64900
15	51	539900
15	52	152700
15	53	455500
15	54	309700
15	55	228500
15	56	406000
15	57	50000
15	58	498300
15	59	2200
15	5	1072700
15	60	606700
15	62	410900
15	64	1258200
15	65	140900
15	66	4700
15	68	904500
15	69	158700
15	70	135100
15	71	119500
15	72	63000
15	73	500
15	74	142500
15	75	20900
15	76	5000
15	7	496300
15	83	245400
15	9	322000
17	0	2000
17	10	211200
17	11	300
17	16	248700
17	18	196600
17	19	452600
17	1	400
17	20	5400
17	21	340500
17	22	78300
17	23	152000
17	24	134300
17	25	63000
17	26	213300
17	27	119000
17	28	301400
17	29	238600
17	30	313700
17	31	258400
17	32	134100
17	33	331800
17	34	97500
17	35	214400
17	36	108100
17	37	279400
17	38	186000
17	39	188600
17	40	45100
17	41	122000
17	42	15100
17	43	80700
17	44	4600
17	45	86800
17	46	600
17	47	41800
17	49	34400
17	4	64900
17	50	3900
17	51	66200
17	52	37200
17	53	37800
17	54	7200
17	55	9800
17	56	35900
17	57	1900
17	58	46900
17	5	76500
17	60	30600
17	62	19300
17	64	59300
17	65	4500
17	66	100
17	68	39000
17	69	1800
17	70	5700
17	71	5400
17	72	11300
17	73	100
17	74	16200
17	75	1000
17	76	200
17	7	22800
17	83	18100
17	9	115300
18	11	511300
18	16	129500
18	18	442200
18	19	87800
18	20	205000
18	21	2000
18	23	1000
18	25	100
18	26	192600
18	27	54800
18	28	122900
18	29	43000
18	30	78900
18	31	69100
18	32	15700
18	33	74900
18	34	12200
18	35	58100
18	36	8100
18	37	63600
18	38	46800
18	39	62100
18	40	1500
18	41	5700
18	43	72300
18	44	21100
18	45	36300
18	47	20100
18	49	17600
18	50	4900
18	51	25300
18	52	6900
18	53	2500
18	64	3800
18	68	700
18	9	1000
19	10	30400
19	11	23500
19	14	364900
19	15	100
19	16	415700
19	17	539700
19	18	685800
19	19	712300
19	1	329000
19	20	71600
19	21	360600
19	23	106300
19	24	70400
19	25	27400
19	26	83900
19	27	18200
19	28	207600
19	29	180400
19	30	114900
19	31	180800
19	32	29800
19	33	117600
19	34	12600
19	35	28300
19	36	5900
19	37	40000
19	38	11700
19	39	120400
19	3	1800
19	40	16900
19	41	118800
19	42	21400
19	43	95600
19	45	46700
19	46	7300
19	47	40200
19	49	29400
19	4	106300
19	50	3600
19	51	24400
19	52	10800
19	53	11800
19	54	7900
19	55	3400
19	56	13700
19	57	400
19	58	4900
19	5	116700
19	60	10700
19	62	4200
19	64	24500
19	65	300
19	68	16800
19	69	1000
19	70	1300
19	71	300
19	7	145900
19	83	2000
19	9	25400
20	0	8700
20	10	251000
20	11	6000
20	14	224800
20	16	775900
20	17	117500
20	18	164800
20	19	251500
20	1	90300
20	20	197000
20	21	209800
20	23	98700
20	24	49600
20	25	48900
20	26	189700
20	27	14000
20	28	364100
20	29	196800
20	2	15900
20	30	501700
20	31	338200
20	32	114100
20	33	329000
20	34	94600
20	35	138700
20	36	39000
20	37	153900
20	38	86300
20	39	205200
20	3	215300
20	40	35000
20	41	157800
20	42	18800
20	43	90800
20	44	14800
20	45	109400
20	46	1800
20	47	112200
20	48	5800
20	49	75700
20	4	760600
20	50	4600
20	51	96900
20	52	25300
20	53	32400
20	54	21900
20	55	30300
20	56	51500
20	57	1700
20	58	47000
20	5	211900
20	60	31200
20	62	17600
20	64	79700
20	65	700
20	68	36900
20	69	6300
20	70	2900
20	71	1900
20	72	600
20	74	2300
20	7	152800
20	83	5400
20	9	58500
21	0	35500
21	10	1437400
21	11	22800
21	12	71700
21	13	174700
21	14	31400
21	16	787500
21	18	276900
21	19	553300
21	20	42000
21	21	418500
21	22	800
21	23	99300
21	24	6100
21	25	187700
21	26	220700
21	27	24100
21	28	434200
21	29	275200
21	2	479300
21	30	265700
21	31	665000
21	32	90800
21	33	304500
21	34	64800
21	35	298900
21	36	110800
21	37	183300
21	38	69200
21	39	291200
21	3	258300
21	40	22200
21	41	170800
21	42	39300
21	43	164200
21	44	4500
21	45	147600
21	46	4800
21	47	221200
21	48	35000
21	49	184600
21	4	344400
21	50	9200
21	51	84800
21	52	29200
21	53	92400
21	54	88400
21	55	62100
21	56	64400
21	57	9800
21	58	95400
21	5	419900
21	60	105200
21	62	63500
21	64	205100
21	65	24000
21	68	130000
21	69	17300
21	70	12800
21	71	7100
21	72	5600
21	73	500
21	74	25700
21	75	7400
21	76	8100
21	77	1000
21	7	110000
21	83	61200
21	8	306500
21	9	865300
22	10	278100
22	11	236600
22	12	200
22	13	150100
22	14	152300
22	15	500
22	16	53500
22	18	350300
22	19	401800
22	20	303900
22	21	86500
22	23	7800
22	25	3700
22	26	50700
22	27	18300
22	28	102400
22	29	10300
22	30	62700
22	31	367900
22	32	114000
22	33	261600
22	34	6800
22	35	170400
22	36	166700
22	37	190200
22	38	55800
22	39	196300
22	40	83300
22	41	138300
22	42	15700
22	43	113000
22	45	13600
22	47	28600
22	48	2800
22	49	17200
22	4	416300
22	51	28900
22	52	6500
22	53	5000
22	54	19100
22	55	14800
22	56	23900
22	57	400
22	58	9600
22	5	84800
22	60	7500
22	62	14500
22	64	30500
22	68	9500
22	69	1800
22	70	600
22	75	300
22	76	1300
22	7	39900
22	83	6900
22	8	333800
22	9	579200
23	0	58900
23	10	317100
23	11	558800
23	13	116000
23	14	41000
23	16	589400
23	17	189700
23	18	603800
23	19	1367700
23	1	75800
23	20	237400
23	21	480800
23	22	86000
23	23	191600
23	24	45700
23	25	119500
23	26	380400
23	27	162600
23	28	471400
23	29	197100
23	2	15800
23	30	254100
23	31	593100
23	32	220000
23	33	336500
23	34	57900
23	35	262400
23	36	88100
23	37	265400
23	38	67600
23	39	250500
23	3	64400
23	40	83100
23	41	274400
23	42	49700
23	43	296900
23	44	33700
23	45	359900
23	46	9200
23	47	274200
23	48	38400
23	49	238900
23	4	524400
23	50	23100
23	51	158700
23	52	63600
23	53	131100
23	54	95000
23	55	54600
23	56	117300
23	57	30500
23	58	184000
23	59	3700
23	5	185000
23	60	201100
23	62	130600
23	64	392300
23	65	38300
23	66	1700
23	68	334600
23	69	46800
23	6	33200
23	70	41800
23	71	36300
23	72	11600
23	73	400
23	74	39100
23	75	800
23	78	300
23	7	209100
23	83	108000
23	8	800
23	9	139000
24	10	271500
24	11	115600
24	13	545800
24	14	200
24	16	33800
24	18	71200
24	19	184300
24	20	44000
24	21	167000
24	23	9600
24	25	196100
24	26	283600
24	27	159000
24	28	459200
24	29	276200
24	30	222300
24	31	148800
24	32	352000
24	33	354100
24	34	44000
24	35	99900
24	36	26500
24	37	58800
24	38	37200
24	39	81500
24	3	35600
24	40	8600
24	41	132000
24	42	27200
24	43	86200
24	45	68600
24	46	5900
24	47	75500
24	48	11700
24	49	30200
24	4	92000
24	50	9500
24	51	54900
24	52	17200
24	53	23600
24	54	29900
24	55	12700
24	56	48400
24	57	9600
24	58	30100
24	5	87900
24	60	24300
24	62	9100
24	64	46500
24	65	1500
24	68	48100
24	69	1800
24	6	278800
24	70	2300
24	71	1500
24	72	2500
24	74	1200
24	7	27900
24	83	3400
24	9	60500
25	0	87600
25	10	649700
25	11	323100
25	13	314900
25	14	200
25	16	822000
25	17	432100
25	18	271200
25	19	878700
25	1	134600
25	20	240700
25	21	1139200
25	22	200
25	23	160600
25	24	19500
25	25	21500
25	26	215900
25	27	67100
25	28	541700
25	29	191400
25	30	626500
25	31	410300
25	32	183100
25	33	508800
25	34	154500
25	35	271600
25	36	43100
25	37	242500
25	38	186800
25	39	419500
25	3	89700
25	40	38600
25	41	311200
25	42	14200
25	43	323200
25	44	66800
25	45	257500
25	46	4900
25	47	167400
25	48	6500
25	49	151100
25	4	88300
25	50	11200
25	51	175600
25	52	50500
25	53	124200
25	54	84900
25	55	80500
25	56	109700
25	57	12000
25	58	164700
25	5	497000
25	60	229000
25	62	153800
25	64	497700
25	65	59700
25	66	4300
25	68	334200
25	69	47400
25	6	409600
25	70	53000
25	71	47600
25	72	50000
25	73	5500
25	74	69500
25	75	3800
25	76	100
25	7	423800
25	83	82300
25	9	275700
26	10	59400
26	11	23800
26	13	79300
26	14	900
26	16	278200
26	17	127200
26	18	188400
26	19	237000
26	1	59100
26	20	232300
26	21	246800
26	23	100800
26	24	28200
26	25	1500
26	26	125900
26	27	39500
26	28	146500
26	29	55500
26	30	178000
26	31	152500
26	32	21800
26	33	88400
26	34	22000
26	35	135100
26	36	98000
26	37	85800
26	38	16600
26	39	74900
26	3	700
26	40	74600
26	41	121600
26	42	42700
26	43	181100
26	44	9900
26	45	58300
26	47	46500
26	48	100
26	49	76800
26	4	108200
26	50	13000
26	51	54700
26	52	20000
26	53	52000
26	54	19800
26	55	10600
26	56	24000
26	57	7200
26	58	14000
26	5	153800
26	60	40400
26	62	6300
26	64	55700
26	65	1600
26	68	27900
26	69	1800
26	6	278100
26	70	1500
26	71	2900
26	72	2200
26	74	4900
26	7	70900
26	83	6600
26	9	32600
27	0	72000
27	10	99400
27	11	200600
27	13	478300
27	14	36900
27	15	4400
27	16	136500
27	17	33500
27	18	382300
27	19	512900
27	1	69900
27	20	137700
27	21	239500
27	22	900
27	23	139800
27	24	154400
27	25	16600
27	26	208300
27	27	16400
27	28	189900
27	29	165300
27	30	292900
27	31	254700
27	32	80900
27	33	326100
27	34	36500
27	35	201200
27	36	50900
27	37	161100
27	38	50100
27	39	150400
27	3	41800
27	40	13400
27	41	143200
27	42	36500
27	43	94200
27	44	24300
27	45	203800
27	46	21700
27	47	287300
27	48	21300
27	49	162800
27	4	577500
27	50	7500
27	51	78200
27	52	14900
27	53	55600
27	54	68800
27	55	61200
27	56	81600
27	57	10100
27	58	70100
27	59	400
27	5	465700
27	60	102600
27	62	48300
27	64	130500
27	65	20300
27	66	100
27	68	137900
27	69	10600
27	6	277900
27	70	18500
27	71	17100
27	72	14700
27	73	900
27	74	11400
27	75	4300
27	7	280800
27	83	28500
27	9	371000
28	0	97000
28	10	233800
28	11	367500
28	12	162600
28	13	462700
28	14	185300
28	16	259500
28	17	263800
28	18	543600
28	19	451800
28	1	86600
28	20	111000
28	21	461100
28	22	4900
28	23	131500
28	24	16700
28	25	379300
28	26	337500
28	27	54100
28	28	656700
28	29	254000
28	2	35600
28	30	289400
28	31	329800
28	32	95800
28	33	271300
28	34	71600
28	35	233400
28	36	83000
28	37	264900
28	38	74300
28	39	215200
28	3	14200
28	40	17600
28	41	260400
28	42	94200
28	43	442800
28	44	35700
28	45	347000
28	46	18600
28	47	208500
28	48	38200
28	49	167800
28	4	161800
28	50	13200
28	51	113400
28	52	29800
28	53	76800
28	54	41000
28	55	30800
28	56	86400
28	57	21900
28	58	135800
28	5	1133600
28	60	138500
28	62	82600
28	64	342900
28	65	30400
28	66	4000
28	68	233100
28	69	50500
28	6	192000
28	70	29300
28	71	26900
28	72	17400
28	73	800
28	74	35300
28	75	3300
28	76	2000
28	7	202600
28	83	66900
28	9	54700
29	0	345700
29	10	61500
29	11	154100
29	13	177800
29	14	64200
29	15	8500
29	16	156200
29	17	36900
29	18	537900
29	19	478300
29	1	13200
29	20	118800
29	21	686300
29	22	3900
29	23	317300
29	24	203100
29	25	255700
29	26	258100
29	27	261500
29	28	382600
29	29	197100
29	2	45600
29	30	582400
29	31	453100
29	32	174000
29	33	481700
29	34	74300
29	35	230100
29	36	101900
29	37	201700
29	38	77200
29	39	307100
29	3	12000
29	40	63300
29	41	271400
29	42	60100
29	43	342900
29	44	55100
29	45	445300
29	46	23300
29	47	222100
29	48	18300
29	49	199000
29	4	242000
29	50	15900
29	51	171000
29	52	27600
29	53	118900
29	54	80200
29	55	69400
29	56	133500
29	57	5800
29	58	149900
29	59	100
29	5	643800
29	60	199200
29	62	151200
29	64	379100
29	65	49500
29	66	4700
29	68	320300
29	69	68500
29	6	189300
29	70	64800
29	71	46900
29	72	16000
29	73	200
29	74	50400
29	75	4300
29	76	5400
29	77	1500
29	7	355300
29	83	90900
29	9	200000
2	11	36100
2	16	45600
2	18	71100
2	19	31000
2	1	209900
2	21	22100
2	28	32300
2	30	21000
2	31	24400
2	33	44600
2	35	34400
2	36	100
2	37	32100
2	39	53300
2	41	58200
2	42	3300
2	43	51400
2	45	58500
2	47	79300
2	49	103500
2	4	213800
2	50	15000
2	51	98400
2	52	30600
2	53	132600
2	54	58800
2	55	54500
2	56	161100
2	57	14600
2	58	174800
2	5	50600
2	60	217900
2	62	164400
2	64	626000
2	65	80800
2	66	3700
2	68	502500
2	69	86900
2	70	63500
2	71	75700
2	72	52000
2	73	1900
2	74	65900
2	75	8500
2	76	5200
2	7	80700
2	83	160800
30	0	188900
30	10	96800
30	11	18300
30	13	15200
30	14	196800
30	15	2300
30	16	103500
30	17	3400
30	18	306300
30	19	496000
30	1	102100
30	20	186200
30	21	604700
30	22	5000
30	23	447900
30	24	153900
30	25	61500
30	26	356200
30	27	32300
30	28	369600
30	29	244800
30	2	27800
30	30	383800
30	31	231300
30	32	170300
30	33	441800
30	34	75900
30	35	363100
30	36	82000
30	37	257100
30	38	61500
30	39	284000
30	3	79800
30	40	14700
30	41	139500
30	42	400
30	43	124100
30	44	1700
30	45	139100
30	46	3400
30	47	79300
30	48	2000
30	49	116300
30	4	101700
30	50	2200
30	51	81200
30	52	21100
30	53	32300
30	54	42200
30	55	31000
30	56	88400
30	57	4000
30	58	37300
30	5	160800
30	60	65700
30	62	33900
30	64	116200
30	65	11100
30	68	82200
30	69	15700
30	6	168800
30	70	15600
30	71	14900
30	72	5900
30	74	8400
30	75	1000
30	7	110300
30	83	29100
30	9	86500
31	0	285900
31	10	402700
31	11	344300
31	13	132400
31	14	390900
31	15	14800
31	16	427900
31	17	377800
31	18	965900
31	19	926600
31	1	265400
31	20	137500
31	21	727100
31	22	79100
31	23	575200
31	24	168500
31	25	272800
31	26	504600
31	27	127300
31	28	890700
31	29	228400
31	2	700
31	30	539400
31	31	778300
31	32	182100
31	33	600400
31	34	154200
31	35	586700
31	36	222400
31	37	898900
31	38	376400
31	39	601100
31	3	150400
31	40	99500
31	41	750600
31	42	70300
31	43	683600
31	44	49900
31	45	516700
31	46	16100
31	47	456300
31	48	5900
31	49	425600
31	4	159500
31	50	36500
31	51	314600
31	52	98900
31	53	219100
31	54	172700
31	55	167700
31	56	223300
31	57	31800
31	58	345900
31	59	400
31	5	1107000
31	60	367600
31	62	250700
31	64	877200
31	65	82100
31	66	13400
31	68	728800
31	69	117400
31	6	102800
31	70	86700
31	71	72700
31	72	50200
31	73	7400
31	74	119000
31	75	27000
31	76	6600
31	77	2600
31	7	325200
31	83	243400
31	8	19800
31	9	272700
32	0	100
32	10	127800
32	11	151900
32	13	44700
32	14	86100
32	16	105600
32	17	600
32	18	148900
32	19	283800
32	20	21900
32	21	296200
32	22	400
32	23	96700
32	24	21500
32	25	128400
32	26	145800
32	27	37500
32	28	123600
32	29	39800
32	30	164600
32	31	165600
32	32	148600
32	33	58100
32	34	2300
32	35	98800
32	36	20500
32	37	116000
32	38	36300
32	39	92700
32	3	15600
32	40	4200
32	41	61400
32	42	11900
32	43	37400
32	44	6500
32	45	65700
32	46	900
32	47	47700
32	48	14400
32	49	102000
32	4	160200
32	50	500
32	51	26600
32	52	6600
32	53	15500
32	54	20800
32	55	2800
32	56	7000
32	57	6700
32	58	13400
32	5	169500
32	60	6000
32	62	13800
32	64	16900
32	65	4500
32	68	13200
32	69	2200
32	70	300
32	7	21100
32	83	2500
32	9	12400
33	0	93000
33	10	77500
33	11	223000
33	13	263800
33	14	301900
33	15	2400
33	16	926900
33	17	122400
33	18	313100
33	19	1108500
33	1	238900
33	20	186100
33	21	499800
33	22	84500
33	23	420400
33	24	176200
33	25	547900
33	26	673200
33	27	249400
33	28	817000
33	29	140700
33	2	22100
33	30	476400
33	31	817500
33	32	332600
33	33	681700
33	34	197000
33	35	550800
33	36	182500
33	37	589800
33	38	234400
33	39	848200
33	3	266900
33	40	103000
33	41	783900
33	42	152400
33	43	532600
33	44	40500
33	45	499500
33	46	29700
33	47	502000
33	48	77200
33	49	422300
33	4	390800
33	50	26100
33	51	282200
33	52	97200
33	53	215000
33	54	115100
33	55	109700
33	56	188000
33	57	19800
33	58	242400
33	59	400
33	5	809100
33	60	231900
33	62	185100
33	64	698800
33	65	57600
33	66	2500
33	68	530500
33	69	96800
33	6	186500
33	70	81400
33	71	53300
33	72	41300
33	73	1800
33	74	91300
33	75	17900
33	76	3200
33	77	300
33	7	544200
33	83	123800
33	8	4300
33	9	235800
34	0	32300
34	10	29800
34	11	133800
34	13	20800
34	14	78200
34	16	106000
34	17	2700
34	18	56200
34	19	182400
34	1	200
34	20	39800
34	21	76200
34	22	15600
34	23	14600
34	24	21200
34	25	92200
34	26	77500
34	27	3300
34	28	92400
34	29	16200
34	30	89200
34	31	181600
34	32	110800
34	33	36500
34	34	21500
34	35	13500
34	36	18300
34	37	100900
34	38	43200
34	39	65500
34	3	23300
34	40	4600
34	41	84900
34	42	26000
34	43	55700
34	45	15100
34	47	25300
34	48	700
34	49	23800
34	4	62700
34	51	4000
34	52	600
34	53	24900
34	54	36000
34	55	8900
34	56	7000
34	57	400
34	58	2800
34	5	81600
34	60	1200
34	62	1400
34	64	10200
34	68	1000
34	6	43100
34	7	79100
34	9	7000
35	0	270000
35	10	79500
35	11	279400
35	13	112700
35	14	186100
35	15	3100
35	16	750000
35	17	206300
35	18	283700
35	19	361800
35	1	50400
35	20	73600
35	21	571500
35	22	69500
35	23	105600
35	24	86200
35	25	124300
35	26	528000
35	27	50500
35	28	514700
35	29	291400
35	2	56300
35	30	517100
35	31	650300
35	32	182700
35	33	646700
35	34	182900
35	35	369600
35	36	203100
35	37	766100
35	38	201600
35	39	531400
35	3	139800
35	40	75600
35	41	668100
35	42	100900
35	43	549700
35	44	57700
35	45	440400
35	46	42000
35	47	347500
35	48	8300
35	49	301800
35	4	342400
35	50	44700
35	51	226400
35	52	51900
35	53	148500
35	54	138900
35	55	101200
35	56	231400
35	57	30000
35	58	162800
35	59	900
35	5	616700
35	60	222200
35	62	102800
35	64	363800
35	65	25900
35	66	1800
35	68	313100
35	69	36100
35	6	284200
35	70	30600
35	71	24900
35	72	21500
35	73	600
35	74	35600
35	75	4400
35	76	900
35	7	493300
35	83	72800
35	8	1700
35	9	47200
36	0	2000
36	10	50900
36	11	136300
36	13	36000
36	14	41000
36	15	400
36	16	165600
36	17	90400
36	18	116700
36	19	104400
36	1	8900
36	20	29800
36	21	247400
36	23	51300
36	24	4200
36	25	61400
36	26	119000
36	27	93600
36	28	246400
36	29	136100
36	2	2000
36	30	206900
36	31	207600
36	32	52800
36	33	284000
36	34	36200
36	35	223300
36	36	75000
36	37	276800
36	38	53600
36	39	240900
36	3	30400
36	40	52600
36	41	161500
36	42	15100
36	43	138000
36	44	5300
36	45	114100
36	46	2700
36	47	75400
36	48	9600
36	49	51600
36	4	61500
36	50	8700
36	51	37200
36	52	25400
36	53	38000
36	54	40400
36	55	15100
36	56	21900
36	57	5000
36	58	28100
36	5	195500
36	60	22300
36	62	11400
36	64	38700
36	65	15000
36	66	2400
36	68	44600
36	69	9000
36	6	80400
36	70	6300
36	71	11500
36	72	1400
36	74	3600
36	75	1100
36	7	41400
36	83	8200
36	9	13400
37	0	27700
37	10	78600
37	11	298700
37	13	96500
37	14	201700
37	15	1500
37	16	219600
37	17	124500
37	18	237700
37	19	190800
37	1	7900
37	20	107200
37	21	320300
37	22	300
37	23	223400
37	24	44400
37	25	81100
37	26	164700
37	27	157000
37	28	334500
37	29	159800
37	2	3700
37	30	294100
37	31	364600
37	32	116900
37	33	306700
37	34	60700
37	35	276000
37	36	125000
37	37	358800
37	38	84600
37	39	326600
37	3	82500
37	40	74900
37	41	257900
37	42	49900
37	43	302100
37	44	10700
37	45	237200
37	46	6100
37	47	198500
37	48	18000
37	49	161000
37	4	186300
37	50	31200
37	51	115000
37	52	21300
37	53	62200
37	54	25100
37	55	19700
37	56	64500
37	57	8600
37	58	62800
37	5	305800
37	60	61200
37	62	47800
37	64	154600
37	65	7600
37	66	300
37	68	122200
37	69	12000
37	6	49400
37	70	9400
37	71	9500
37	72	9400
37	74	7600
37	7	185700
37	83	24000
37	9	85700
38	0	185700
38	10	59700
38	11	344100
38	13	120600
38	14	113100
38	15	1700
38	16	378400
38	17	152900
38	18	226700
38	19	448700
38	1	3000
38	20	414000
38	21	493600
38	22	18200
38	23	176800
38	24	174600
38	25	129900
38	26	307700
38	27	34900
38	28	485100
38	29	206800
38	2	14800
38	30	485100
38	31	669400
38	32	124200
38	33	568400
38	34	61600
38	35	331700
38	36	175900
38	37	469500
38	38	198400
38	39	502300
38	3	117000
38	40	96500
38	41	397100
38	42	64900
38	43	316900
38	44	59400
38	45	409800
38	46	8900
38	47	295000
38	48	6600
38	49	288200
38	4	297800
38	50	29800
38	51	193200
38	52	31300
38	53	123300
38	54	82700
38	55	49900
38	56	140600
38	57	11800
38	58	179300
38	59	800
38	5	525100
38	60	156800
38	62	91800
38	64	295700
38	65	24600
38	68	197100
38	69	29400
38	6	52400
38	70	33700
38	71	24500
38	72	13300
38	73	700
38	74	20500
38	75	5300
38	76	200
38	7	450600
38	83	55500
38	8	6200
38	9	53100
39	0	12000
39	10	2500
39	11	65500
39	13	24800
39	16	65100
39	17	4900
39	18	34300
39	19	38800
39	20	32400
39	21	268300
39	22	17500
39	23	50200
39	24	23500
39	25	10100
39	26	66500
39	27	12100
39	28	128900
39	29	39500
39	30	26500
39	31	128400
39	32	53000
39	33	104100
39	34	32200
39	35	29800
39	36	56100
39	37	73400
39	38	2600
39	39	80400
39	3	200
39	40	15200
39	41	45800
39	42	4000
39	43	21700
39	44	3400
39	45	21600
39	47	22300
39	48	100
39	49	24200
39	4	17800
39	50	1400
39	51	16000
39	52	3400
39	53	17900
39	54	7100
39	55	6500
39	56	21500
39	57	1400
39	58	10900
39	5	97400
39	60	7400
39	62	2800
39	64	29100
39	68	5100
39	6	7600
39	7	27900
39	83	100
39	9	5000
40	0	412500
40	10	147300
40	11	513900
40	13	232100
40	14	64400
40	15	15800
40	16	474600
40	17	95400
40	18	421100
40	19	578300
40	1	127900
40	20	327900
40	21	976400
40	22	79200
40	23	296600
40	24	209900
40	25	287400
40	26	450400
40	27	171100
40	28	677200
40	29	271300
40	2	82500
40	30	353400
40	31	583000
40	32	293000
40	33	802500
40	34	255300
40	35	539000
40	36	221700
40	37	530500
40	38	182900
40	39	619400
40	3	75000
40	40	164100
40	41	598400
40	42	52700
40	43	653900
40	44	83100
40	45	566200
40	46	26100
40	47	562300
40	48	24700
40	49	346100
40	4	330900
40	50	30100
40	51	286700
40	52	72400
40	53	195400
40	54	134000
40	55	122200
40	56	285400
40	57	35200
40	58	276500
40	5	727700
40	60	169300
40	62	132100
40	64	540800
40	65	34200
40	68	315200
40	69	31800
40	6	113500
40	70	27100
40	71	18600
40	72	9200
40	73	700
40	74	37100
40	75	1800
40	76	800
40	7	393600
40	83	69900
40	9	155000
41	21	10600
41	23	3500
41	28	400
41	29	800
41	30	5900
41	31	3100
41	34	3000
41	3	3400
41	43	600
41	45	8400
41	47	1200
41	4	3800
41	55	400
41	62	5600
41	64	2400
41	6	700
41	9	400
42	0	352600
42	10	61300
42	11	440000
42	13	117000
42	14	1000
42	15	58800
42	16	664300
42	17	69600
42	18	328100
42	19	693100
42	1	306800
42	20	136000
42	21	949200
42	22	15800
42	23	173000
42	24	144400
42	25	221600
42	26	472100
42	27	190300
42	28	883700
42	29	276400
42	2	98700
42	30	472800
42	31	642500
42	32	205900
42	33	811500
42	34	227900
42	35	705300
42	36	293600
42	37	814000
42	38	229700
42	39	666300
42	3	168800
42	40	147200
42	41	732500
42	42	69200
42	43	830600
42	44	42700
42	45	814400
42	46	33100
42	47	687500
42	48	21800
42	49	476400
42	4	456700
42	50	46300
42	51	334400
42	52	84400
42	53	223000
42	54	194500
42	55	206300
42	56	270200
42	57	35400
42	58	277700
42	59	500
42	5	659500
42	60	292700
42	62	216200
42	64	679700
42	65	33800
42	66	900
42	68	414400
42	69	54900
42	6	183900
42	70	47500
42	71	45500
42	72	28200
42	73	400
42	74	47500
42	75	7100
42	76	2800
42	77	2300
42	7	739500
42	83	103700
42	9	202200
44	0	619200
44	10	23400
44	11	495100
44	12	10900
44	13	159300
44	14	25300
44	15	33500
44	16	469300
44	17	43300
44	18	576800
44	19	663900
44	1	331100
44	20	65700
44	21	774900
44	22	80400
44	23	286700
44	24	86400
44	25	151900
44	26	501300
44	27	142700
44	28	948800
44	29	214000
44	2	135100
44	30	754900
44	31	1184800
44	32	242000
44	33	1052300
44	34	200100
44	35	809300
44	36	351800
44	37	974400
44	38	321400
44	39	1053800
44	3	131900
44	40	242500
44	41	1041600
44	42	54300
44	43	1104700
44	44	96600
44	45	990200
44	46	39000
44	47	956700
44	48	60700
44	49	747700
44	4	712000
44	50	72800
44	51	740500
44	52	186400
44	53	444300
44	54	348300
44	55	285000
44	56	421800
44	57	38300
44	58	439600
44	5	920300
44	60	499200
44	62	372200
44	64	955200
44	65	65500
44	66	4500
44	68	700400
44	69	99000
44	6	173400
44	70	94700
44	71	70200
44	72	58500
44	73	2600
44	74	99400
44	75	9100
44	76	4300
44	77	1100
44	7	830500
44	83	163100
44	9	141800
46	0	860600
46	10	133800
46	11	525600
46	12	56500
46	13	310100
46	14	78100
46	15	22700
46	16	686300
46	17	203200
46	18	656000
46	19	959400
46	1	478600
46	20	210500
46	21	1279000
46	22	118700
46	23	558500
46	24	183000
46	25	172800
46	26	614200
46	27	112000
46	28	985300
46	29	382500
46	2	108500
46	30	1248000
46	31	1597300
46	32	274500
46	33	1325400
46	34	184200
46	35	909800
46	36	456700
46	37	1346700
46	38	366600
46	39	1576900
46	3	259500
46	40	313600
46	41	1354700
46	42	109000
46	43	1366800
46	44	101400
46	45	1428400
46	46	60200
46	47	1319400
46	48	48800
46	49	1194500
46	4	833600
46	50	101300
46	51	1029000
46	52	303600
46	53	713700
46	54	502200
46	55	365200
46	56	677500
46	57	87800
46	58	843300
46	59	3000
46	5	1286600
46	60	939600
46	62	680700
46	64	1813600
46	65	190900
46	66	8000
46	68	1485000
46	69	207900
46	6	174400
46	70	168700
46	71	150000
46	72	110100
46	73	4000
46	74	198800
46	75	42000
46	76	7800
46	77	3100
46	78	600
46	7	1156100
46	83	411700
46	8	700
46	9	144700
48	0	1308500
48	10	163900
48	11	856300
48	12	10000
48	13	438100
48	14	195300
48	15	25000
48	16	1109900
48	17	274400
48	18	959200
48	19	1413200
48	1	553200
48	20	197500
48	21	1830200
48	22	142600
48	23	672600
48	24	339200
48	25	295300
48	26	838500
48	27	233600
48	28	1712800
48	29	455100
48	2	235700
48	30	1331100
48	31	1844800
48	32	358000
48	33	1815200
48	34	242700
48	35	1476300
48	36	597000
48	37	2176200
48	38	529800
48	39	2202000
48	3	301400
48	40	310500
48	41	2146500
48	42	162100
48	43	2370000
48	44	134800
48	45	2369400
48	46	68000
48	47	2029700
48	48	76600
48	49	1964300
48	4	1231500
48	50	182900
48	51	1604000
48	52	452500
48	53	1311600
48	54	1003100
48	55	748500
48	56	1336800
48	57	177700
48	58	1657200
48	59	7000
48	5	1852500
48	60	1770500
48	62	1222700
48	64	3770700
48	65	381700
48	66	16800
48	68	2929100
48	69	489400
48	6	240800
48	70	372600
48	71	305700
48	72	198000
48	73	4900
48	74	397400
48	75	53300
48	76	18000
48	77	3700
48	78	500
48	7	1544100
48	83	805900
48	8	26400
48	9	233200
4	11	83700
4	13	17900
4	16	318800
4	18	180400
4	19	105300
4	21	175500
4	23	86200
4	24	273000
4	26	87000
4	28	275100
4	29	51600
4	30	249300
4	31	277000
4	32	38100
4	33	246200
4	34	34500
4	35	154100
4	36	87400
4	37	114100
4	38	15800
4	39	165300
4	40	43400
4	41	275600
4	42	23100
4	43	214400
4	44	24200
4	45	181200
4	46	6300
4	47	124700
4	48	6000
4	49	107500
4	4	42300
4	50	8900
4	51	85500
4	52	23100
4	53	111600
4	54	70400
4	55	35800
4	56	72300
4	57	13800
4	58	122300
4	60	117000
4	62	111900
4	64	335400
4	65	49400
4	66	2500
4	68	334100
4	69	79300
4	70	77000
4	71	77000
4	72	56500
4	73	3000
4	74	122700
4	75	19400
4	76	13300
4	77	300
4	7	133200
4	83	138400
4	9	298500
50	0	1664500
50	10	199200
50	11	1204200
50	12	7600
50	13	381600
50	14	194300
50	15	27500
50	16	1166200
50	17	180800
50	18	1111800
50	19	1617100
50	1	868000
50	20	185900
50	21	2378700
50	22	53200
50	23	665700
50	24	331400
50	25	260200
50	26	1033500
50	27	236700
50	28	1901500
50	29	541300
50	2	336800
50	30	1887400
50	31	2293800
50	32	306600
50	33	2289300
50	34	295800
50	35	1715200
50	36	679400
50	37	2352800
50	38	705400
50	39	2966700
50	3	360700
50	40	409700
50	41	3110600
50	42	210900
50	43	3055800
50	44	178600
50	45	3078500
50	46	111900
50	47	3302500
50	48	143300
50	49	2897800
50	4	1426200
50	50	190800
50	51	2227700
50	52	639200
50	53	1872600
50	54	1501300
50	55	1119000
50	56	2213000
50	57	256500
50	58	2664000
50	59	8500
50	5	2680100
50	60	2818300
50	62	2152500
50	64	6236800
50	65	705300
50	66	25100
50	68	4968700
50	69	776000
50	6	234000
50	70	636200
50	71	575800
50	72	376300
50	73	9800
50	74	713200
50	75	108100
50	76	36600
50	77	5700
50	7	1905900
50	83	1311300
50	8	41900
50	9	276800
51	0	9000
51	10	700
51	11	3100
51	14	1900
51	16	2000
51	19	1500
51	20	2100
51	21	500
51	23	2300
51	24	600
51	25	5700
51	26	1700
51	28	900
51	29	500
51	2	300
51	30	4400
51	31	4500
51	33	2500
51	34	700
51	35	8100
51	37	11600
51	38	4200
51	39	4300
51	40	400
51	41	3900
51	42	500
51	43	6500
51	45	2700
51	46	1400
51	47	6400
51	48	200
51	49	7000
51	4	4600
51	50	100
51	51	3600
51	52	900
51	53	1200
51	54	1000
51	55	2500
51	56	2500
51	57	700
51	58	2400
51	5	8500
51	60	1800
51	62	2500
51	64	6500
51	68	3300
51	70	200
51	71	100
51	7	8300
51	83	1800
52	0	1432200
52	10	228100
52	11	973200
52	12	8200
52	13	257500
52	14	193300
52	15	50400
52	16	996800
52	17	158000
52	18	990700
52	19	1322400
52	1	726000
52	20	187000
52	21	1406000
52	22	62900
52	23	450400
52	24	133900
52	25	172500
52	26	734700
52	27	121400
52	28	1640600
52	29	488200
52	2	245000
52	30	1433300
52	31	1663400
52	32	212200
52	33	1953600
52	34	251700
52	35	1312500
52	36	507900
52	37	1728300
52	38	509600
52	39	2388800
52	3	308300
52	40	270200
52	41	2405000
52	42	136100
52	43	2473300
52	44	114400
52	45	2573600
52	46	109100
52	47	2894400
52	48	145700
52	49	2546400
52	4	1157200
52	50	209800
52	51	2195900
52	52	617600
52	53	1863600
52	54	1335400
52	55	1004900
52	56	2034900
52	57	243500
52	58	2494600
52	59	8600
52	5	2471100
52	60	2865000
52	62	2370800
52	64	7615000
52	65	820100
52	66	29500
52	68	5804900
52	69	931000
52	6	234600
52	70	747000
52	71	653900
52	72	400300
52	73	18900
52	74	805100
52	75	121800
52	76	38700
52	77	4800
52	7	1555400
52	83	1574600
52	8	24900
52	9	199100
53	0	361600
53	10	95600
53	11	288900
53	12	8400
53	13	77400
53	14	58500
53	15	10900
53	16	276900
53	17	10900
53	18	401500
53	19	382800
53	1	235400
53	20	71400
53	21	368000
53	22	21700
53	23	131700
53	24	66900
53	25	38700
53	26	266700
53	27	37800
53	28	492000
53	29	146000
53	2	100400
53	30	461800
53	31	531000
53	32	81900
53	33	599000
53	34	70800
53	35	428100
53	36	172100
53	37	563700
53	38	126300
53	39	746500
53	3	84000
53	40	89700
53	41	841600
53	42	77900
53	43	814500
53	44	57900
53	45	806200
53	46	19500
53	47	907700
53	48	25400
53	49	782200
53	4	421000
53	50	74800
53	51	746000
53	52	206600
53	53	626100
53	54	507800
53	55	395700
53	56	736000
53	57	81100
53	58	919500
53	59	5500
53	5	815600
53	60	949000
53	62	799400
53	64	2482200
53	65	283600
53	66	14400
53	68	2110500
53	69	356000
53	6	77900
53	70	267000
53	71	227800
53	72	149700
53	73	4400
53	74	269800
53	75	36100
53	76	12200
53	77	1900
53	7	547900
53	83	505800
53	8	2500
53	9	74300
54	0	372400
54	10	84700
54	11	283800
54	12	21800
54	13	65400
54	14	43200
54	15	20100
54	16	255000
54	17	15200
54	18	337800
54	19	521400
54	1	250800
54	20	49400
54	21	371400
54	22	19900
54	23	101100
54	24	43700
54	25	53900
54	26	271600
54	27	55000
54	28	422900
54	29	173300
54	2	134600
54	30	393900
54	31	507100
54	32	95100
54	33	609500
54	34	75600
54	35	420300
54	36	142400
54	37	552900
54	38	138100
54	39	722900
54	3	113600
54	40	66500
54	41	792200
54	42	54700
54	43	892400
54	44	51500
54	45	902700
54	46	17900
54	47	876800
54	48	33100
54	49	903500
54	4	385300
54	50	83700
54	51	725700
54	52	229400
54	53	728800
54	54	547200
54	55	439500
54	56	790500
54	57	83100
54	58	1037900
54	59	3200
54	5	671400
54	60	1086200
54	62	881400
54	64	3002200
54	65	336400
54	66	9300
54	68	2567000
54	69	415300
54	6	63500
54	70	333800
54	71	271600
54	72	168000
54	73	9200
54	74	317200
54	75	48300
54	76	20400
54	77	2300
54	7	543800
54	83	638000
54	8	2700
54	9	61900
55	0	786800
55	10	101800
55	11	360700
55	12	16300
55	13	87300
55	14	21400
55	15	3100
55	16	303400
55	17	34200
55	18	602100
55	19	1058200
55	1	381300
55	20	66600
55	21	729800
55	22	18700
55	23	191600
55	24	73400
55	25	107600
55	26	425600
55	27	73700
55	28	787900
55	29	301600
55	2	272400
55	30	716800
55	31	815300
55	32	111500
55	33	1051900
55	34	136300
55	35	626700
55	36	165500
55	37	1031800
55	38	238400
55	39	1212700
55	3	157800
55	40	110500
55	41	1319200
55	42	115500
55	43	1444000
55	44	68500
55	45	1403700
55	46	34100
55	47	1496900
55	48	65800
55	49	1608200
55	4	821500
55	50	123600
55	51	1459700
55	52	400600
55	53	1191200
55	54	896100
55	55	705200
55	56	1420900
55	57	185800
55	58	1733800
55	59	4300
55	5	1109400
55	60	2272700
55	62	1844500
55	64	6287900
55	65	776700
55	66	18400
55	68	5485900
55	69	950700
55	6	57500
55	70	790800
55	71	641900
55	72	465900
55	73	18700
55	74	784400
55	75	125300
55	76	34600
55	77	7700
55	78	500
55	7	983000
55	83	1393400
55	8	10400
55	9	93300
56	0	5900
56	10	1300
56	11	3100
56	12	200
56	14	200
56	16	1900
56	18	10200
56	19	9900
56	1	2200
56	21	4800
56	23	2600
56	25	300
56	26	2200
56	28	4000
56	29	2100
56	2	4800
56	30	9300
56	31	1900
56	33	11600
56	35	1400
56	36	1300
56	37	3900
56	38	5300
56	39	4300
56	3	3700
56	40	300
56	41	6100
56	42	700
56	43	23500
56	44	700
56	45	10700
56	47	12400
56	48	100
56	49	4900
56	4	6600
56	51	12900
56	52	5500
56	53	7700
56	54	4400
56	55	3400
56	56	8200
56	57	100
56	58	15000
56	5	100
56	60	13800
56	62	4600
56	64	43100
56	65	9600
56	68	28400
56	69	4500
56	70	4200
56	71	2400
56	72	700
56	74	3100
56	75	100
56	7	12600
56	83	5400
57	0	823400
57	10	104600
57	11	214100
57	12	14800
57	13	71100
57	14	20600
57	15	2100
57	16	326900
57	17	16900
57	18	467600
57	19	789500
57	1	340200
57	20	22200
57	21	546200
57	22	7700
57	23	158500
57	24	29900
57	25	103200
57	26	285100
57	27	58900
57	28	442900
57	29	77400
57	2	248400
57	30	554200
57	31	631700
57	32	94500
57	33	590400
57	34	65000
57	35	489200
57	36	143500
57	37	756700
57	38	174100
57	39	894400
57	3	66200
57	40	88000
57	41	954900
57	42	101200
57	43	1139400
57	44	75000
57	45	1137400
57	46	24900
57	47	1224700
57	48	62200
57	49	1144600
57	4	577600
57	50	122500
57	51	1247900
57	52	313900
57	53	972800
57	54	699300
57	55	536200
57	56	1106900
57	57	130900
57	58	1626600
57	59	4200
57	5	811500
57	60	1874100
57	62	1703100
57	64	5843000
57	65	783100
57	66	45300
57	68	5238900
57	69	985300
57	6	68500
57	70	802200
57	71	732400
57	72	463000
57	73	23500
57	74	862300
57	75	129100
57	76	48200
57	77	9400
57	78	600
57	7	795600
57	83	1415300
57	9	35300
59	0	395800
59	10	58800
59	11	133900
59	12	4000
59	13	35800
59	14	6800
59	15	6600
59	16	150900
59	17	400
59	18	226700
59	19	471900
59	1	204200
59	20	17900
59	21	422500
59	22	7900
59	23	68800
59	24	26200
59	25	52400
59	26	152900
59	27	35700
59	28	261300
59	29	36000
59	2	91700
59	30	326100
59	31	343800
59	32	50900
59	33	345300
59	34	38400
59	35	235000
59	36	65600
59	37	328400
59	38	104800
59	39	537300
59	3	29700
59	40	22100
59	41	597200
59	42	18200
59	43	576000
59	44	39000
59	45	646400
59	46	15700
59	47	610100
59	48	33900
59	49	677500
59	4	332700
59	50	59800
59	51	663500
59	52	146900
59	53	503200
59	54	416800
59	55	360800
59	56	701300
59	57	86500
59	58	939300
59	59	2400
59	5	441800
59	60	1239000
59	62	1173200
59	64	4163800
59	65	660200
59	66	27200
59	68	4139900
59	69	820700
59	6	44000
59	70	680100
59	71	577300
59	72	403400
59	73	20300
59	74	692600
59	75	131000
59	76	54000
59	77	11700
59	78	900
59	7	385300
59	83	1145600
59	9	19600
5	11	32500
5	16	100
5	35	5500
5	36	28600
5	37	18400
5	39	25100
5	41	74800
5	42	9000
5	43	77000
5	44	10800
5	45	113800
5	46	200
5	47	80200
5	48	6000
5	49	56200
5	4	88000
5	50	18500
5	51	27400
5	52	7600
5	53	25200
5	54	17900
5	55	12000
5	56	31300
5	57	6100
5	58	48300
5	5	126800
5	60	16600
5	62	21000
5	64	34800
5	65	5900
5	68	41000
5	69	4500
5	70	3300
5	71	6900
5	72	900
5	74	1000
5	75	500
5	83	5500
61	0	226300
61	10	7400
61	11	96600
61	12	7000
61	13	32200
61	14	1400
61	15	3200
61	16	93000
61	17	100
61	18	128400
61	19	244200
61	1	108000
61	20	17700
61	21	188500
61	22	2900
61	23	32100
61	24	4800
61	25	8700
61	26	77400
61	27	8200
61	28	132200
61	29	27200
61	2	72400
61	30	177200
61	31	245800
61	32	20400
61	33	238000
61	34	21400
61	35	166600
61	36	33200
61	37	175500
61	38	41100
61	39	300800
61	3	14700
61	40	16700
61	41	267800
61	42	12700
61	43	326800
61	44	35500
61	45	352200
61	46	5600
61	47	353400
61	48	11600
61	49	340300
61	4	177600
61	50	31500
61	51	368800
61	52	74200
61	53	327400
61	54	207900
61	55	209600
61	56	471200
61	57	45500
61	58	598200
61	59	3200
61	5	244800
61	60	829400
61	62	797400
61	64	2926000
61	65	440800
61	66	20700
61	68	3247100
61	69	641300
61	6	31300
61	70	579100
61	71	507300
61	72	374200
61	73	18500
61	74	654500
61	75	110400
61	76	36900
61	77	8700
61	78	500
61	7	218500
61	83	862000
61	9	11800
62	19	100
63	0	201000
63	10	6600
63	11	55400
63	12	14700
63	13	29300
63	14	2600
63	16	81300
63	17	100
63	18	127800
63	19	265600
63	1	95000
63	20	11700
63	21	155000
63	22	1700
63	23	4300
63	24	6700
63	25	9000
63	26	66600
63	27	16600
63	28	95800
63	29	20400
63	2	25300
63	30	140200
63	31	231400
63	32	13300
63	33	188900
63	34	14100
63	35	99500
63	36	31500
63	37	161800
63	38	30000
63	39	193200
63	3	3600
63	40	14600
63	41	234900
63	42	11100
63	43	286500
63	44	16300
63	45	342500
63	46	6500
63	47	314200
63	48	7500
63	49	300400
63	4	129500
63	50	13900
63	51	292500
63	52	62000
63	53	292100
63	54	180700
63	55	167200
63	56	398700
63	57	31600
63	58	563400
63	59	600
63	5	236900
63	60	816400
63	62	752300
63	64	2709400
63	65	431600
63	66	30000
63	68	3189700
63	69	653900
63	6	7600
63	70	560700
63	71	507700
63	72	330800
63	73	13800
63	74	575400
63	75	88000
63	76	36200
63	77	10100
63	7	148200
63	83	810300
63	9	22500
64	11	900
64	1	600
64	58	1000
64	60	100
64	64	900
64	65	300
64	68	1600
64	69	500
64	74	100
64	75	100
64	83	800
65	0	51800
65	10	1900
65	11	30000
65	12	6100
65	13	2800
65	14	2400
65	16	44900
65	18	37100
65	19	60800
65	1	40400
65	20	800
65	21	51500
65	22	100
65	23	2900
65	25	100
65	26	4800
65	28	18700
65	29	16300
65	2	2900
65	30	36400
65	31	54500
65	32	900
65	33	38100
65	34	300
65	35	15900
65	36	3100
65	37	43400
65	38	3200
65	39	38000
65	3	300
65	40	1200
65	41	51300
65	42	2100
65	43	78800
65	45	63100
65	46	200
65	47	58500
65	48	200
65	49	57400
65	4	12700
65	50	1200
65	51	53200
65	52	13500
65	53	54900
65	54	44400
65	55	38500
65	56	101500
65	57	3500
65	58	114200
65	59	400
65	5	39800
65	60	240600
65	62	200400
65	64	728600
65	65	149800
65	66	8000
65	68	867500
65	69	198800
65	6	200
65	70	175100
65	71	137900
65	72	80900
65	73	7500
65	74	167600
65	75	30800
65	76	12200
65	77	2200
65	7	32300
65	83	238200
65	9	9300
66	0	73900
66	10	4900
66	11	41100
66	13	10300
66	14	4900
66	16	53700
66	18	54400
66	19	98900
66	1	58500
66	20	2900
66	21	90100
66	22	1800
66	23	5600
66	24	3200
66	25	4800
66	26	8500
66	27	1000
66	28	64400
66	29	20600
66	2	11000
66	30	82600
66	31	79300
66	32	1800
66	33	72500
66	34	3000
66	35	43900
66	36	9200
66	37	72700
66	38	17500
66	39	93700
66	3	3400
66	40	6000
66	41	104800
66	42	5600
66	43	99100
66	44	1500
66	45	141000
66	46	3200
66	47	139500
66	48	2900
66	49	141900
66	4	32400
66	50	9500
66	51	108200
66	52	28600
66	53	115700
66	54	112900
66	55	81100
66	56	176000
66	57	9800
66	58	271200
66	59	500
66	5	76000
66	60	411600
66	62	377000
66	64	1413200
66	65	230000
66	66	9300
66	68	1617700
66	69	353800
66	6	1600
66	70	278500
66	71	265000
66	72	166700
66	73	15700
66	74	333800
66	75	70200
66	76	41100
66	77	3900
66	7	68700
66	83	451300
66	9	8100
67	0	117100
67	10	17200
67	11	67800
67	13	22000
67	14	8500
67	16	99400
67	17	2800
67	18	104800
67	19	198500
67	1	74400
67	20	6800
67	21	105400
67	22	1400
67	23	22900
67	24	2500
67	25	3300
67	26	30400
67	27	1700
67	28	107900
67	29	29700
67	2	17900
67	30	126800
67	31	127400
67	32	3700
67	33	148000
67	34	5500
67	35	88100
67	36	10500
67	37	143800
67	38	30600
67	39	181600
67	3	5200
67	40	10100
67	41	223800
67	42	5600
67	43	214300
67	44	11100
67	45	284700
67	46	3200
67	47	214500
67	48	9900
67	49	234200
67	4	49100
67	50	15600
67	51	250300
67	52	45800
67	53	219500
67	54	186900
67	55	126700
67	56	322100
67	57	23400
67	58	468500
67	59	1300
67	5	170800
67	60	705400
67	62	624600
67	64	2764800
67	65	403200
67	66	17800
67	68	2988600
67	69	678800
67	6	2800
67	70	622300
67	71	505600
67	72	413700
67	73	20900
67	74	702400
67	75	127000
67	76	45300
67	77	16900
67	78	200
67	7	116900
67	83	957900
67	9	5100
68	11	200
68	16	2400
68	21	1400
68	28	1600
68	30	300
68	33	700
68	41	100
68	43	300
68	45	400
68	47	100
68	49	300
68	53	400
68	54	400
68	58	2200
68	60	1700
68	62	1100
68	64	8300
68	65	1100
68	68	13400
68	69	5900
68	70	2800
68	71	800
68	72	3500
68	74	3600
68	75	500
68	76	100
68	83	7500
69	0	19100
69	10	7700
69	11	30000
69	13	5700
69	14	500
69	16	13200
69	18	13900
69	19	31300
69	1	10800
69	21	28600
69	23	1200
69	25	600
69	26	2400
69	28	28500
69	29	4300
69	30	23400
69	31	39200
69	33	43400
69	34	400
69	35	9900
69	36	1800
69	37	37000
69	38	1600
69	39	33700
69	3	100
69	41	21800
69	42	800
69	43	35300
69	44	4700
69	45	40100
69	47	46200
69	48	400
69	49	48600
69	4	7400
69	50	1300
69	51	41600
69	52	6400
69	53	26900
69	54	32300
69	55	13100
69	56	47700
69	57	7200
69	58	76700
69	5	24400
69	60	138300
69	62	136000
69	64	519700
69	65	93400
69	66	1200
69	68	698300
69	69	192800
69	6	1200
69	70	144200
69	71	107400
69	72	105300
69	73	4200
69	74	155100
69	75	30500
69	76	14000
69	77	11700
69	7	14700
69	83	244900
6	11	232000
6	13	119700
6	15	155900
6	16	556300
6	17	128500
6	18	502300
6	19	132700
6	1	89900
6	21	508800
6	23	328600
6	24	231000
6	25	162700
6	26	294200
6	27	85300
6	28	481400
6	29	181200
6	30	494300
6	31	317800
6	32	142500
6	33	694900
6	34	335600
6	35	501900
6	36	126000
6	37	552300
6	38	287400
6	39	602700
6	3	1074800
6	40	53000
6	41	469000
6	42	81900
6	43	657400
6	44	31100
6	45	523800
6	46	14000
6	47	520200
6	48	39500
6	49	416700
6	4	237100
6	50	31300
6	51	372900
6	52	129200
6	53	240000
6	54	229300
6	55	172400
6	56	291100
6	57	30600
6	58	287800
6	59	100
6	5	1141700
6	60	319600
6	62	272400
6	64	726400
6	65	68400
6	66	5500
6	68	478900
6	69	71400
6	70	47700
6	71	47700
6	72	41100
6	73	2500
6	74	57500
6	75	3500
6	76	2800
6	77	200
6	7	114600
6	83	146800
6	9	11300
70	0	29400
70	10	3400
70	11	19200
70	13	2700
70	14	1200
70	16	19100
70	17	100
70	18	25500
70	19	33300
70	1	15700
70	20	100
70	21	21000
70	25	900
70	26	8000
70	28	44800
70	29	2600
70	2	700
70	30	39600
70	31	34400
70	33	49400
70	34	2100
70	35	18500
70	36	2000
70	37	50600
70	38	2500
70	39	43400
70	3	2300
70	40	500
70	41	42500
70	43	46000
70	44	3800
70	45	57900
70	47	60000
70	48	5200
70	49	55000
70	4	15700
70	50	2700
70	51	58800
70	52	5800
70	53	47900
70	54	44000
70	55	32000
70	56	71700
70	57	4800
70	58	76700
70	5	56900
70	60	169900
70	62	183600
70	64	702400
70	65	97300
70	66	3400
70	68	912000
70	69	213200
70	6	2800
70	70	191000
70	71	167800
70	72	135700
70	73	12800
70	74	274100
70	75	61700
70	76	25600
70	77	6800
70	78	200
70	7	28800
70	83	361500
70	9	200
71	0	21100
71	10	2500
71	11	10800
71	13	1200
71	14	600
71	16	22300
71	18	29000
71	19	25400
71	1	25500
71	21	14200
71	23	100
71	25	400
71	26	7700
71	28	21500
71	2	1300
71	30	22100
71	31	30000
71	32	1000
71	33	28600
71	34	2700
71	35	24800
71	36	9800
71	37	22900
71	38	2000
71	39	34600
71	3	2400
71	40	3000
71	41	49800
71	43	43000
71	44	7300
71	45	61600
71	46	800
71	47	64500
71	48	2200
71	49	59400
71	4	16700
71	50	800
71	51	38000
71	52	2100
71	53	38600
71	54	31900
71	55	23900
71	56	63100
71	57	5500
71	58	94600
71	59	100
71	5	42000
71	60	123300
71	62	140600
71	64	586700
71	65	94100
71	66	3100
71	68	846700
71	69	182100
71	6	700
71	70	158200
71	71	143700
71	72	107000
71	73	8300
71	74	250500
71	75	34900
71	76	21400
71	77	6600
71	7	14700
71	83	298700
71	9	500
72	0	12000
72	10	2300
72	11	12900
72	13	500
72	16	5300
72	18	22300
72	19	17600
72	1	15400
72	21	8800
72	23	1700
72	25	800
72	26	4400
72	28	24900
72	2	1800
72	30	18900
72	31	27200
72	32	1300
72	33	21300
72	34	900
72	35	15700
72	36	1300
72	37	18400
72	38	1300
72	39	32800
72	3	1500
72	40	1800
72	41	53500
72	42	300
72	43	33900
72	44	2100
72	45	47000
72	46	200
72	47	50000
72	49	34000
72	4	14900
72	51	32700
72	52	2200
72	53	23300
72	54	25300
72	55	9500
72	56	43300
72	57	5000
72	58	69700
72	59	300
72	5	34200
72	60	71000
72	62	80900
72	64	390700
72	65	81800
72	66	1700
72	68	614100
72	69	139800
72	70	124500
72	71	103400
72	72	95100
72	73	4700
72	74	171000
72	75	30600
72	76	12500
72	77	10500
72	78	200
72	7	11900
72	83	210300
72	9	2100
73	0	32400
73	10	5400
73	11	24800
73	13	5100
73	16	12300
73	18	30300
73	19	30400
73	1	44100
73	21	29000
73	25	200
73	26	9000
73	28	60500
73	2	9700
73	30	30400
73	31	40000
73	32	500
73	33	42100
73	34	3600
73	35	42000
73	36	16900
73	37	38300
73	38	2100
73	39	48600
73	40	3300
73	41	62500
73	42	200
73	43	43000
73	44	7800
73	45	59700
73	47	59600
73	48	1600
73	49	46300
73	4	28500
73	50	2500
73	51	60600
73	52	21400
73	53	55200
73	54	36400
73	55	16100
73	56	81500
73	57	7800
73	58	130800
73	59	300
73	5	52100
73	60	105200
73	62	114700
73	64	610000
73	65	111200
73	66	6200
73	68	886700
73	69	213000
73	70	202000
73	71	184200
73	72	136300
73	73	5900
73	74	224400
73	75	60100
73	76	26800
73	77	10300
73	78	100
73	7	27000
73	83	367500
77	1	2300
77	43	900
77	45	2900
77	64	500
77	68	100
78	28	1200
78	31	3400
78	32	700
78	44	1700
78	45	300
78	51	900
78	53	200
78	58	400
78	60	300
78	62	3200
78	64	5600
78	68	1900
78	69	300
78	70	600
78	71	1700
78	72	800
78	74	1300
78	75	1500
78	83	1300
79	11	1100
79	16	500
79	18	600
79	19	700
79	28	1700
79	31	200
79	43	1100
79	47	300
79	51	300
79	52	400
79	64	2400
79	65	1300
79	68	2800
79	69	400
79	70	600
79	72	1400
79	74	1600
79	77	100
79	83	2500
7	10	298900
7	11	405000
7	13	3200
7	16	604700
7	17	18700
7	18	266600
7	19	483300
7	20	45000
7	21	402300
7	23	357100
7	24	166900
7	25	545000
7	26	550400
7	27	89800
7	28	615300
7	29	231700
7	30	474500
7	31	390700
7	32	150700
7	33	431700
7	34	153700
7	35	632400
7	36	97000
7	37	319700
7	38	115500
7	39	350600
7	3	153600
7	40	24500
7	41	265200
7	42	25400
7	43	228400
7	44	23600
7	45	433900
7	46	13400
7	47	254200
7	48	1500
7	49	164100
7	4	2400
7	50	14500
7	51	159400
7	52	45900
7	53	70800
7	54	74600
7	55	28000
7	56	89100
7	57	11100
7	58	98000
7	5	210700
7	60	99100
7	62	92600
7	64	315300
7	65	21500
7	66	200
7	68	197700
7	69	47000
7	70	35200
7	71	25400
7	72	11200
7	73	100
7	74	21500
7	75	4500
7	76	200
7	7	157200
7	83	54900
7	9	316900
80	83	700
83	0	250300
83	10	18900
83	11	102100
83	12	2200
83	13	16600
83	14	3400
83	16	114200
83	17	3400
83	18	146100
83	19	232500
83	1	146100
83	20	8000
83	21	168900
83	22	1300
83	23	21600
83	24	7800
83	25	11700
83	26	48700
83	27	5700
83	28	183500
83	29	9800
83	2	49300
83	30	163300
83	31	269400
83	32	9200
83	33	191600
83	34	18900
83	35	121600
83	36	43100
83	37	209500
83	38	26900
83	39	266000
83	3	44000
83	40	17500
83	41	306500
83	42	7800
83	43	333700
83	44	15300
83	45	398800
83	46	2900
83	47	378300
83	48	10500
83	49	355900
83	4	153500
83	50	15900
83	51	341600
83	52	77600
83	53	360800
83	54	252300
83	55	194100
83	56	454400
83	57	43800
83	58	651600
83	59	800
83	5	237900
83	60	751900
83	62	722600
83	64	3673100
83	65	459800
83	66	29200
83	68	4766200
83	69	1070100
83	6	4900
83	70	954800
83	71	858000
83	72	582700
83	73	28400
83	74	1301000
83	75	266200
83	76	127100
83	77	29400
83	78	600
83	7	202400
83	83	3038100
83	9	3600
8	0	56400
8	10	5600
8	11	518000
8	12	368900
8	13	336700
8	14	263900
8	16	318400
8	17	6900
8	18	279200
8	19	665800
8	1	174400
8	20	239800
8	21	926700
8	22	500
8	23	550600
8	24	268800
8	25	446600
8	26	859400
8	27	95800
8	28	890600
8	29	345100
8	30	532000
8	31	332700
8	32	147200
8	33	389100
8	34	73900
8	35	231000
8	36	96600
8	37	421700
8	38	68100
8	39	216600
8	40	71200
8	41	205000
8	42	68000
8	43	200200
8	44	18400
8	45	251800
8	46	5900
8	47	248200
8	48	3600
8	49	148900
8	4	1323700
8	50	16400
8	51	134600
8	52	40800
8	53	59100
8	54	55800
8	55	54400
8	56	92300
8	57	18900
8	58	91200
8	5	343300
8	60	95500
8	62	75200
8	64	154400
8	65	10800
8	68	137700
8	69	8100
8	70	7800
8	71	6500
8	72	9900
8	73	200
8	74	21500
8	75	5100
8	7	514800
8	83	34000
8	9	200
9	11	133800
9	14	89700
9	15	100
9	16	224200
9	18	769400
9	19	489600
9	20	4500
9	21	579200
9	22	65600
9	23	435400
9	24	305500
9	25	279900
9	26	227500
9	27	223600
9	28	675100
9	29	154700
9	2	103500
9	30	435100
9	31	529400
9	32	140300
9	33	497400
9	34	131500
9	35	304100
9	36	134400
9	37	322700
9	38	152800
9	39	435900
9	3	80800
9	40	84100
9	41	374600
9	42	20000
9	43	375000
9	44	10100
9	45	427200
9	46	72000
9	47	385700
9	48	11500
9	49	219400
9	4	465400
9	50	27900
9	51	182100
9	52	45200
9	53	76900
9	54	89800
9	55	49900
9	56	109500
9	57	16600
9	58	158400
9	5	571500
9	60	154700
9	62	84100
9	64	281400
9	65	26300
9	66	200
9	68	243200
9	69	31400
9	6	229300
9	70	17500
9	71	13000
9	72	12900
9	73	900
9	74	26400
9	75	3400
9	76	5400
9	77	1600
9	7	602100
9	83	62500
