0	11	304400
0	13	322300
0	14	221900
0	16	977100
0	17	144800
0	18	286400
0	19	552600
0	20	500
0	21	710900
0	23	284000
0	24	128700
0	25	65700
0	26	488100
0	27	33300
0	28	512400
0	29	108200
0	30	507800
0	31	749600
0	32	171700
0	33	671900
0	34	225500
0	35	555400
0	36	232500
0	37	621300
0	38	215700
0	39	614800
0	3	175100
0	40	180100
0	41	597500
0	42	68400
0	43	639400
0	44	21200
0	45	548700
0	46	13400
0	47	528300
0	48	11700
0	49	511900
0	4	1028000
0	50	52000
0	51	432400
0	52	145900
0	53	338000
0	54	241700
0	55	170500
0	56	273500
0	57	36800
0	58	320200
0	5	129300
0	60	357800
0	62	380900
0	64	987700
0	65	119000
0	66	13200
0	68	799200
0	69	142400
0	70	117900
0	71	100100
0	72	55200
0	73	1500
0	74	108500
0	75	11100
0	76	5500
0	77	500
0	7	3800
0	83	169700
0	9	706700
10	0	160400
10	10	371300
10	11	36800
10	13	4400
10	16	205400
10	17	228200
10	18	355600
10	19	115400
10	1	324300
10	20	59100
10	21	291100
10	23	107900
10	24	78400
10	25	111100
10	26	69700
10	27	56100
10	28	325200
10	29	216600
10	2	995800
10	30	190800
10	31	184000
10	32	17600
10	33	200700
10	34	11300
10	35	101600
10	36	7600
10	37	85900
10	38	30500
10	39	150000
10	3	55100
10	40	43200
10	41	84300
10	42	7300
10	43	95900
10	44	18100
10	45	136500
10	46	1300
10	47	107100
10	48	1000
10	49	120800
10	4	549900
10	50	15200
10	51	84000
10	52	10200
10	53	46400
10	54	36000
10	55	24200
10	56	72700
10	57	30100
10	58	90400
10	59	100
10	5	446000
10	60	73700
10	62	39900
10	64	107600
10	65	1900
10	68	53200
10	69	7600
10	6	820100
10	70	9400
10	71	10100
10	72	5900
10	74	9800
10	7	13800
10	83	13100
10	9	101400
11	0	348100
11	10	248200
11	11	381200
11	13	17900
11	14	248300
11	15	4900
11	16	376700
11	18	443200
11	19	1070800
11	1	489200
11	20	328700
11	21	780500
11	23	238800
11	24	59100
11	25	145900
11	26	564500
11	27	256100
11	28	961100
11	29	312000
11	30	617600
11	31	497300
11	32	232700
11	33	597600
11	34	45400
11	35	418500
11	36	249900
11	37	630600
11	38	182900
11	39	712300
11	3	542900
11	40	79800
11	41	601500
11	42	44500
11	43	679700
11	44	78200
11	45	729400
11	46	73200
11	47	557600
11	48	26300
11	49	497900
11	4	447300
11	50	41900
11	51	450200
11	52	140300
11	53	339800
11	54	313900
11	55	232400
11	56	317900
11	57	60800
11	58	431900
11	59	100
11	5	912800
11	60	458200
11	62	265000
11	64	848100
11	65	99600
11	66	3200
11	68	709800
11	69	103500
11	6	470300
11	70	88600
11	71	71900
11	72	42200
11	73	500
11	74	64000
11	75	9900
11	76	4500
11	77	200
11	7	669500
11	83	200600
11	9	101500
12	16	183700
12	17	3100
12	18	218500
12	19	58600
12	20	2100
12	21	592000
12	22	4900
12	25	87800
12	26	75700
12	28	24800
12	29	34200
12	30	66200
12	31	78200
12	32	27400
12	33	95100
12	34	51900
12	35	29500
12	36	50700
12	37	53900
12	38	9800
12	39	9200
12	40	5400
12	41	71700
12	42	3300
12	43	114700
12	44	21700
12	45	121800
12	46	3300
12	47	74900
12	48	100
12	49	74100
12	50	4800
12	51	35900
12	52	12000
12	53	27800
12	54	16500
12	55	39900
12	56	46800
12	57	600
12	58	55200
12	60	71500
12	62	50400
12	64	106500
12	65	10900
12	66	400
12	68	73300
12	69	6900
12	70	3500
12	71	2200
12	72	3200
12	74	14700
12	83	14200
12	8	105600
12	9	254500
13	0	195800
13	11	230200
13	13	367400
13	14	430600
13	15	100
13	16	1533000
13	17	45400
13	18	742500
13	19	1283800
13	1	186300
13	20	305000
13	21	968900
13	22	200
13	23	307500
13	24	174400
13	25	351600
13	26	374400
13	27	57700
13	28	772000
13	29	294000
13	2	100
13	30	431700
13	31	443400
13	32	146800
13	33	869600
13	34	136000
13	35	349000
13	36	143600
13	37	461100
13	38	283800
13	39	638800
13	3	11200
13	40	93400
13	41	593600
13	42	58900
13	43	545600
13	44	30900
13	45	505700
13	46	8400
13	47	581500
13	48	45500
13	49	536800
13	4	74400
13	50	69500
13	51	333800
13	52	86300
13	53	231400
13	54	220500
13	55	202800
13	56	334300
13	57	62100
13	58	392400
13	59	400
13	5	1419100
13	60	428400
13	62	363200
13	64	1090000
13	65	81300
13	66	3300
13	68	790100
13	69	128000
13	6	224600
13	70	101000
13	71	86400
13	72	58500
13	73	900
13	74	141100
13	75	36100
13	76	12500
13	77	1800
13	7	1167300
13	83	267400
13	8	551500
13	9	599100
14	19	160900
14	20	500
14	21	4300
14	28	46800
14	29	3400
14	30	140900
14	32	8000
14	33	96600
14	34	1300
14	35	171700
14	36	83200
14	37	2900
14	39	8900
14	41	5200
14	42	800
14	43	53300
14	44	9000
14	45	26100
14	47	10100
14	49	800
14	51	100
14	53	100
14	54	400
14	55	1300
14	56	12300
14	57	1000
14	58	4200
14	5	508600
14	60	1600
15	0	554500
15	10	618300
15	11	187900
15	12	313600
15	13	38000
15	16	91900
15	17	263300
15	18	490600
15	19	859400
15	1	152100
15	20	189600
15	21	495500
15	23	145400
15	24	125400
15	25	186800
15	26	597900
15	27	49600
15	28	528400
15	29	100100
15	30	841500
15	31	1077400
15	32	470800
15	33	953700
15	34	152500
15	35	578700
15	36	122200
15	37	477900
15	38	193400
15	39	697500
15	40	123500
15	41	575800
15	42	56600
15	43	494800
15	44	50200
15	45	596200
15	46	49600
15	47	632100
15	48	37100
15	49	561000
15	4	1236200
15	50	36000
15	51	297400
15	52	71500
15	53	199700
15	54	121800
15	55	102400
15	56	212300
15	57	34500
15	58	297300
15	5	746400
15	60	276200
15	62	224400
15	64	601600
15	65	32100
15	66	100
15	68	453700
15	69	83100
15	6	159200
15	70	53200
15	71	54400
15	72	33000
15	74	67900
15	75	17900
15	76	9000
15	77	1700
15	7	733200
15	83	148200
15	9	148600
16	10	700
17	10	10000
17	11	94000
17	12	8300
17	13	38900
17	16	227400
17	17	84800
17	18	107200
17	19	89100
17	20	20600
17	21	154100
17	23	125300
17	24	22300
17	25	17400
17	26	47100
17	27	1400
17	28	186600
17	29	169700
17	30	71900
17	31	48600
17	32	14300
17	33	72900
17	35	24800
17	36	5000
17	37	27000
17	38	26400
17	39	112500
17	40	15800
17	41	35500
17	42	2900
17	43	40100
17	44	500
17	45	46600
17	47	35800
17	48	2700
17	49	58700
17	4	10200
17	50	23300
17	51	34000
17	52	7300
17	53	23200
17	54	10200
17	55	9300
17	56	6500
17	58	17100
17	5	3100
17	60	13300
17	62	27500
17	64	34700
17	65	1000
17	68	26000
17	69	5400
17	70	2700
17	71	6400
17	72	6000
17	74	4500
17	75	400
17	83	4200
17	9	95800
18	27	53300
18	28	150000
18	29	70300
18	30	39200
18	31	16800
18	45	7500
18	47	5600
18	49	14800
18	51	7900
18	52	6500
18	53	13200
18	54	3900
18	55	300
18	56	1200
18	58	2000
18	60	5400
18	62	3400
18	64	7000
18	65	9800
18	66	200
18	68	3700
18	69	4000
18	70	5400
19	16	327700
19	17	46200
19	19	76000
19	21	7500
19	22	10600
19	23	60100
19	24	2100
19	25	24600
19	26	207400
19	27	27500
19	28	381700
19	29	174700
19	30	139900
19	31	231200
19	32	36300
19	33	121000
19	34	10500
19	35	49500
19	36	5200
19	37	86100
19	38	21400
19	39	47200
19	41	64600
19	42	2200
19	43	25200
19	45	20800
19	47	87100
19	48	4000
19	49	138100
19	4	393700
19	50	25500
19	51	76400
19	52	6900
19	53	48500
19	54	38800
19	55	17100
19	56	14600
19	57	800
19	58	21800
19	5	34100
19	60	21100
19	62	21200
19	64	44200
19	65	1500
19	66	100
19	68	31900
19	69	200
19	70	1100
19	71	2800
19	72	1400
19	74	3700
19	75	1200
19	7	116100
19	83	3900
1	11	394100
1	12	93000
1	13	465300
1	14	342100
1	15	28300
1	16	489600
1	17	391500
1	18	1043900
1	19	670100
1	1	330300
1	21	970500
1	22	80500
1	23	938900
1	24	567500
1	25	942300
1	26	1102900
1	27	221600
1	28	1141100
1	29	330400
1	30	967300
1	31	1505400
1	32	600000
1	33	887500
1	34	165800
1	35	787400
1	36	324600
1	37	745200
1	38	282200
1	39	728000
1	40	28100
1	41	586300
1	42	105000
1	43	653700
1	44	53800
1	45	636500
1	46	40100
1	47	781800
1	48	46200
1	49	657000
1	4	257500
1	50	24200
1	51	557500
1	52	170200
1	53	453800
1	54	309900
1	55	271500
1	56	426300
1	57	35500
1	58	521500
1	5	104800
1	60	655500
1	62	542600
1	64	1777300
1	65	232400
1	66	8000
1	68	1886200
1	69	367900
1	70	333800
1	71	307900
1	72	234100
1	73	11600
1	74	359800
1	75	57000
1	76	15500
1	77	4900
1	7	294400
1	83	573700
1	9	309900
20	10	280900
20	13	83200
20	14	3800
20	16	192100
20	17	52200
20	18	188000
20	19	83700
20	1	193300
20	21	97300
20	23	120300
20	24	5600
20	25	23600
20	26	108900
20	27	25200
20	28	89700
20	29	104400
20	2	1400
20	30	148700
20	31	170700
20	32	52000
20	33	178000
20	34	11900
20	35	53500
20	36	51200
20	37	28800
20	38	300
20	39	59300
20	40	12300
20	41	116000
20	42	14000
20	43	79900
20	44	10800
20	45	43100
20	47	33100
20	48	7600
20	49	38600
20	4	3400
20	50	1900
20	51	13200
20	52	4100
20	53	12700
20	54	11500
20	55	4700
20	56	2800
20	58	10100
20	5	381000
20	60	500
20	62	500
20	64	5600
20	68	4500
20	6	58900
20	7	69000
21	10	689600
21	11	127300
21	13	35400
21	14	2400
21	16	289100
21	17	36000
21	18	238800
21	19	351600
21	1	2200
21	21	258900
21	23	28200
21	24	57100
21	25	118500
21	26	235400
21	27	46900
21	28	545200
21	29	252800
21	30	459100
21	31	214500
21	32	78300
21	33	177500
21	34	33500
21	35	114800
21	36	30300
21	37	189600
21	38	176600
21	39	276000
21	40	33800
21	41	255600
21	42	42400
21	43	235400
21	44	21500
21	45	278500
21	46	19700
21	47	178800
21	48	3200
21	49	106400
21	4	151300
21	50	2000
21	51	39600
21	52	13000
21	53	57100
21	54	47100
21	55	43300
21	56	79100
21	57	300
21	58	82100
21	5	258600
21	60	56500
21	62	28500
21	64	153100
21	65	15500
21	68	92000
21	69	9000
21	6	194500
21	70	6500
21	71	8400
21	72	8000
21	74	15600
21	75	100
21	7	8100
21	83	30200
21	9	96200
22	10	68500
22	11	170900
22	13	137500
22	17	8200
22	18	154400
22	19	158200
22	21	98600
22	22	2200
22	23	10400
22	24	12000
22	25	19100
22	26	1300
22	28	113700
22	29	86100
22	30	19000
22	31	800
22	35	28500
22	36	51500
22	37	78500
22	38	26700
22	39	115200
22	40	3800
22	41	18400
22	43	9200
22	44	600
22	45	54600
22	46	17000
22	47	15300
22	48	3000
22	49	38000
22	4	100
22	51	11100
22	52	3000
22	53	3000
22	54	1900
22	55	8600
22	56	10900
22	58	700
22	5	180500
22	60	1000
22	62	2700
22	64	8000
22	65	100
22	68	8300
22	69	500
22	6	46200
22	70	400
22	71	1000
22	72	800
22	74	300
22	7	1200
22	83	700
23	11	240200
23	12	600
23	13	194300
23	16	81700
23	18	185600
23	19	168700
23	20	181000
23	21	201600
23	22	13900
23	23	7300
23	25	100
23	28	6700
23	29	10700
23	30	91300
23	31	58800
23	32	5100
23	33	30200
23	34	1600
23	35	50500
23	37	30500
23	38	13400
23	39	41100
23	40	8300
23	41	55200
23	42	3700
23	43	8900
23	45	6400
23	47	700
23	49	4900
23	4	48600
23	5	140400
23	62	300
23	64	3400
23	68	4800
23	69	100
23	7	99400
23	83	700
24	0	82000
24	10	238900
24	11	198500
24	13	310800
24	16	365800
24	17	133200
24	18	359200
24	19	350800
24	1	184100
24	20	153900
24	21	239000
24	22	600
24	23	161600
24	24	83300
24	25	13600
24	26	16200
24	27	10500
24	28	61600
24	29	211900
24	30	326100
24	31	282200
24	32	156200
24	33	258500
24	34	26300
24	35	208800
24	36	107900
24	37	233500
24	38	98300
24	39	199200
24	40	17400
24	41	214600
24	42	50300
24	43	273800
24	44	7400
24	45	165800
24	46	4700
24	47	128900
24	48	6400
24	49	107600
24	4	194000
24	50	16300
24	51	67500
24	52	22100
24	53	64000
24	54	15400
24	55	6500
24	56	22600
24	57	1600
24	58	41800
24	5	85500
24	60	34800
24	62	31200
24	64	197500
24	65	9600
24	66	100
24	68	103500
24	69	15100
24	6	5900
24	70	13500
24	71	10100
24	72	6400
24	73	500
24	74	20500
24	7	127900
24	83	13900
24	9	205900
25	10	32800
25	16	48600
25	17	335600
25	18	4000
25	1	16000
25	21	14500
25	23	11200
25	24	2800
25	25	9200
25	26	21500
25	28	5400
25	29	47500
25	30	168700
25	31	59000
25	32	6200
25	33	9800
25	36	1900
25	37	9200
25	43	9400
25	45	2600
25	47	2700
25	49	1200
25	4	20700
25	51	300
25	53	1000
25	54	900
25	55	500
25	9	302500
26	0	247400
26	10	134300
26	11	414900
26	12	155300
26	13	285900
26	14	166400
26	16	389800
26	17	302700
26	18	327800
26	19	611100
26	1	256000
26	20	1600
26	21	686600
26	22	103700
26	23	375700
26	24	42600
26	25	122900
26	26	711600
26	27	269900
26	28	614300
26	29	158400
26	2	97000
26	30	702100
26	31	671600
26	32	200000
26	33	424600
26	34	127700
26	35	449500
26	36	258000
26	37	780500
26	38	121000
26	39	422500
26	3	25900
26	40	86500
26	41	552800
26	42	74600
26	43	637900
26	44	63100
26	45	520100
26	46	30900
26	47	378200
26	48	4200
26	49	276000
26	4	655200
26	50	19300
26	51	263200
26	52	59300
26	53	168200
26	54	121600
26	55	81700
26	56	178400
26	57	36400
26	58	252200
26	59	1800
26	5	548200
26	60	265900
26	62	188000
26	64	603000
26	65	69400
26	66	3500
26	68	517300
26	69	103700
26	6	81500
26	70	85700
26	71	78800
26	72	38700
26	73	3400
26	74	83100
26	75	9800
26	76	5700
26	77	2300
26	7	759700
26	83	153900
26	9	252000
27	0	79400
27	10	355900
27	11	349900
27	12	3300
27	13	567000
27	14	50300
27	16	771500
27	17	32500
27	18	316500
27	19	441800
27	1	52000
27	20	104200
27	21	245800
27	22	40100
27	23	61100
27	24	5900
27	25	173000
27	26	299500
27	27	33400
27	28	287900
27	29	241600
27	2	269600
27	30	451600
27	31	280100
27	32	120900
27	33	468900
27	34	60500
27	35	396700
27	36	155200
27	37	319800
27	38	234600
27	39	431300
27	3	29400
27	40	45800
27	41	352400
27	42	95600
27	43	421700
27	44	57000
27	45	266300
27	46	6700
27	47	147100
27	48	1200
27	49	225600
27	4	305900
27	50	27900
27	51	168500
27	52	36100
27	53	128300
27	54	82200
27	55	76800
27	56	123200
27	57	19200
27	58	211100
27	5	270700
27	60	217300
27	62	166600
27	64	528700
27	65	77300
27	66	1400
27	68	455200
27	69	82100
27	6	180500
27	70	56600
27	71	73400
27	72	38100
27	73	200
27	74	70400
27	75	11400
27	76	5600
27	77	2000
27	7	173500
27	83	150000
27	9	227900
28	0	20600
28	10	78200
28	11	264100
28	13	377600
28	14	1000
28	16	391400
28	17	39500
28	18	128700
28	19	135300
28	1	82400
28	21	220900
28	22	19400
28	23	70900
28	24	22400
28	25	130600
28	26	211000
28	27	58900
28	28	382100
28	29	154100
28	30	120400
28	31	335600
28	32	114700
28	33	207000
28	34	5300
28	35	278900
28	36	180400
28	37	228100
28	38	81700
28	39	196900
28	40	72500
28	41	170300
28	42	15100
28	43	123600
28	44	18200
28	45	163800
28	46	500
28	47	106800
28	48	1400
28	49	74600
28	4	411900
28	50	5500
28	51	33200
28	52	900
28	53	18700
28	54	20700
28	55	14300
28	56	25000
28	57	300
28	58	32000
28	5	19600
28	60	38200
28	62	22400
28	64	76500
28	65	2500
28	68	27000
28	69	1300
28	70	900
28	71	2000
28	72	2200
28	74	2400
28	75	6800
28	76	1400
28	7	92900
28	83	14500
28	9	153100
29	0	339400
29	10	109400
29	11	496300
29	12	5800
29	13	226800
29	14	4000
29	16	539300
29	17	253500
29	18	605900
29	19	537700
29	1	55200
29	20	175800
29	21	1465300
29	22	21800
29	23	270400
29	24	132200
29	25	211200
29	26	437700
29	27	55300
29	28	589900
29	29	174500
29	2	8900
29	30	574200
29	31	930600
29	32	341200
29	33	566100
29	34	92700
29	35	390300
29	36	204600
29	37	648000
29	38	125000
29	39	402800
29	40	86200
29	41	682500
29	42	71000
29	43	563600
29	44	46300
29	45	438400
29	46	28500
29	47	395000
29	48	23400
29	49	359100
29	4	389800
29	50	17100
29	51	298000
29	52	101500
29	53	232600
29	54	184600
29	55	117500
29	56	227900
29	57	18500
29	58	277300
29	59	200
29	5	1300000
29	60	334600
29	62	241600
29	64	829900
29	65	55800
29	66	5300
29	68	724900
29	69	128800
29	6	11100
29	70	110300
29	71	95400
29	72	76400
29	73	8300
29	74	158700
29	75	16700
29	76	8000
29	77	100
29	7	245400
29	83	232200
29	9	298100
2	10	401300
2	11	11100
2	16	18800
2	17	515700
2	18	411200
2	19	712300
2	20	288900
2	21	1017900
2	22	29000
2	23	110800
2	24	74400
2	25	107600
2	26	132400
2	27	152300
2	28	850900
2	29	128200
2	30	343500
2	31	890200
2	32	382700
2	33	816600
2	34	228900
2	35	517100
2	36	291300
2	37	435800
2	38	227700
2	39	361300
2	40	111700
2	41	407600
2	42	44200
2	43	378200
2	44	17900
2	45	346300
2	46	15700
2	47	258800
2	48	6400
2	49	231700
2	4	441900
2	50	34500
2	51	166600
2	52	51800
2	53	113200
2	54	82000
2	55	29600
2	56	74500
2	57	5300
2	58	108600
2	5	394400
2	60	127500
2	62	78500
2	64	208600
2	65	28800
2	66	2500
2	68	181000
2	69	14300
2	70	14600
2	71	14400
2	72	11600
2	74	25100
2	75	3300
2	76	2300
2	77	2300
2	7	366400
2	83	68300
2	9	200
30	10	16500
30	11	87000
30	13	113100
30	16	183700
30	17	81500
30	18	192300
30	19	203000
30	20	9000
30	21	33400
30	22	26500
30	24	600
30	25	21200
30	26	94300
30	27	15600
30	28	11800
30	30	184800
30	31	62100
30	32	700
30	33	79900
30	34	30200
30	35	33200
30	36	13500
30	37	54700
30	38	35100
30	39	31100
30	40	1800
30	41	28000
30	43	12800
30	45	24100
30	47	31400
30	48	15200
30	49	33200
30	4	7400
30	51	16900
30	52	11000
30	53	11800
30	54	13200
30	55	7000
30	56	17700
30	58	5400
30	5	328300
30	60	18700
30	62	6100
30	64	4600
30	68	6100
30	69	1200
30	70	100
30	71	100
30	7	6100
30	83	2800
30	9	48100
31	0	226200
31	10	345900
31	11	325500
31	13	197600
31	14	42500
31	16	512900
31	17	401700
31	18	409400
31	19	637300
31	1	46100
31	20	89300
31	21	1025800
31	22	107800
31	23	478700
31	24	154300
31	25	241100
31	26	499700
31	27	123500
31	28	378400
31	29	337700
31	2	2700
31	30	317900
31	31	474700
31	32	124800
31	33	605200
31	34	84900
31	35	414300
31	36	127600
31	37	384600
31	38	115800
31	39	491900
31	3	39300
31	40	38700
31	41	420400
31	42	59700
31	43	262000
31	44	32700
31	45	260200
31	46	29400
31	47	238100
31	48	11100
31	49	168100
31	4	356200
31	50	11700
31	51	207200
31	52	125600
31	53	196800
31	54	111100
31	55	83200
31	56	108000
31	57	22800
31	58	106800
31	59	100
31	5	750000
31	60	127900
31	62	87800
31	64	375800
31	65	33300
31	66	1500
31	68	217200
31	69	29400
31	6	173600
31	70	29800
31	71	29200
31	72	13400
31	73	1800
31	74	34000
31	75	7600
31	76	2200
31	7	118800
31	83	51600
31	8	9500
31	9	369700
32	0	20500
32	10	58100
32	11	110800
32	13	119200
32	14	264500
32	15	4200
32	16	103500
32	17	59600
32	18	99500
32	19	160900
32	1	21200
32	20	6800
32	21	320200
32	22	9500
32	23	74700
32	24	18000
32	25	46500
32	26	138200
32	27	45100
32	28	139900
32	29	24700
32	30	31600
32	31	125800
32	32	55800
32	33	65800
32	34	91000
32	35	90500
32	36	10300
32	37	37200
32	38	21000
32	39	45800
32	40	4200
32	41	32400
32	42	5100
32	43	20400
32	45	8200
32	46	6600
32	47	36400
32	48	1500
32	49	10800
32	50	7900
32	51	30400
32	52	1900
32	53	6800
32	54	300
32	55	700
32	56	1100
32	58	200
32	5	138600
32	60	4000
32	62	4200
32	64	13600
32	65	300
32	68	7500
32	6	119400
32	70	100
32	71	700
32	72	400
32	74	200
32	7	11500
32	9	119800
33	0	183400
33	10	78700
33	11	343800
33	12	25700
33	13	299200
33	14	914300
33	16	452200
33	17	58100
33	18	268500
33	19	507800
33	1	41100
33	20	134700
33	21	395900
33	22	800
33	23	160500
33	24	166600
33	25	59400
33	26	297500
33	27	210400
33	28	723700
33	29	184400
33	2	37400
33	30	434100
33	31	369500
33	32	72400
33	33	431700
33	34	124500
33	35	248800
33	36	109700
33	37	546400
33	38	142100
33	39	378900
33	3	28100
33	40	29500
33	41	361000
33	42	19200
33	43	328400
33	44	8200
33	45	300900
33	46	3500
33	47	406900
33	48	47700
33	49	345700
33	4	85800
33	50	9100
33	51	181000
33	52	47600
33	53	105200
33	54	53700
33	55	46500
33	56	101000
33	57	13900
33	58	109600
33	5	775500
33	60	111800
33	62	86400
33	64	239300
33	65	26000
33	66	1900
33	68	222200
33	69	31100
33	6	114700
33	70	26700
33	71	19200
33	72	18400
33	73	900
33	74	29000
33	75	2600
33	76	1500
33	77	2700
33	7	314700
33	83	73800
33	9	199600
34	0	39200
34	10	7700
34	11	125200
34	12	6700
34	13	34400
34	14	90200
34	16	95500
34	17	60200
34	18	185000
34	19	439400
34	1	15400
34	20	14700
34	21	63000
34	22	42400
34	23	22700
34	24	900
34	25	19500
34	26	130600
34	27	2400
34	28	143800
34	29	104100
34	2	22500
34	30	207200
34	31	138200
34	32	69700
34	33	93400
34	34	43800
34	35	57400
34	36	18500
34	37	91500
34	38	52200
34	39	167900
34	3	6500
34	40	38800
34	41	169000
34	42	28100
34	43	127500
34	44	22000
34	45	155100
34	46	19900
34	47	61500
34	48	1300
34	49	65700
34	4	43900
34	50	11700
34	51	46800
34	52	14200
34	53	24300
34	54	13100
34	55	6900
34	56	31100
34	57	3100
34	58	13700
34	5	269000
34	60	19400
34	62	7900
34	64	48600
34	65	1100
34	68	23000
34	69	200
34	6	112900
34	71	600
34	7	68400
34	83	2800
34	9	38800
35	0	96400
35	10	3700
35	11	76500
35	12	8900
35	13	65300
35	14	22100
35	15	24800
35	16	253700
35	17	52300
35	18	257000
35	19	434000
35	1	96000
35	20	363900
35	21	178400
35	22	143100
35	23	107800
35	24	1300
35	25	50900
35	26	348200
35	27	40300
35	28	371600
35	29	139600
35	2	15800
35	30	367600
35	31	264100
35	32	103000
35	33	282500
35	34	112200
35	35	211600
35	36	33800
35	37	222000
35	38	48200
35	39	324700
35	3	23800
35	40	123300
35	41	332600
35	42	54900
35	43	199000
35	44	46700
35	45	262200
35	46	18100
35	47	134800
35	48	9700
35	49	148300
35	4	283400
35	50	12200
35	51	153500
35	52	24200
35	53	67800
35	54	57600
35	55	44400
35	56	68400
35	57	17700
35	58	106500
35	59	300
35	5	514000
35	60	77000
35	62	76800
35	64	137300
35	65	7200
35	66	100
35	68	72600
35	69	13000
35	6	32300
35	70	9600
35	71	11600
35	72	5100
35	74	6700
35	75	2600
35	76	900
35	77	600
35	7	80100
35	83	26500
35	9	85200
36	0	137900
36	10	58200
36	11	142500
36	13	89500
36	14	138700
36	15	34700
36	16	343500
36	17	107700
36	18	207500
36	19	444600
36	1	168000
36	20	93100
36	21	282900
36	22	24600
36	23	301100
36	24	58100
36	25	110700
36	26	214800
36	27	89800
36	28	525200
36	29	163200
36	2	16600
36	30	336600
36	31	448300
36	32	193200
36	33	397000
36	34	61400
36	35	364200
36	36	156100
36	37	318900
36	38	185300
36	39	461100
36	3	166700
36	40	56200
36	41	469900
36	42	67800
36	43	317500
36	44	9500
36	45	274400
36	46	9600
36	47	237300
36	48	9500
36	49	270400
36	4	475800
36	50	6900
36	51	161000
36	52	56100
36	53	150500
36	54	84100
36	55	78800
36	56	162300
36	57	18600
36	58	156700
36	5	678300
36	60	119400
36	62	82300
36	64	236200
36	65	6900
36	66	400
36	68	188600
36	69	26100
36	6	158500
36	70	25400
36	71	23700
36	72	14200
36	73	300
36	74	25100
36	75	1600
36	76	300
36	77	200
36	7	158700
36	83	44200
36	9	80300
37	0	18500
37	10	70000
37	11	114600
37	13	87200
37	14	62100
37	16	133200
37	17	43500
37	18	51000
37	19	125300
37	1	84300
37	20	87000
37	21	233700
37	22	3500
37	23	156900
37	24	95600
37	25	165300
37	26	267700
37	27	29100
37	28	283700
37	29	67400
37	2	2200
37	30	231200
37	31	89600
37	32	31100
37	33	105800
37	34	14800
37	35	87000
37	36	32600
37	37	197800
37	38	68000
37	39	169300
37	3	32600
37	40	39900
37	41	146700
37	42	4600
37	43	97700
37	44	12900
37	45	173900
37	46	3600
37	47	156700
37	48	8000
37	49	85800
37	4	153300
37	50	3000
37	51	63200
37	52	41200
37	53	64700
37	54	38300
37	55	23600
37	56	33100
37	57	7200
37	58	46000
37	5	407900
37	60	44300
37	62	24400
37	64	69000
37	65	7000
37	68	46300
37	69	4900
37	6	18100
37	70	1900
37	71	300
37	74	400
37	75	800
37	76	100
37	7	59600
37	83	12100
37	9	18000
38	0	212000
38	10	199200
38	11	397300
38	12	1100
38	13	78600
38	14	50500
38	15	2400
38	16	233300
38	17	86200
38	18	330500
38	19	521500
38	1	280000
38	20	69300
38	21	600100
38	23	395000
38	24	218200
38	25	299600
38	26	352200
38	27	45100
38	28	802800
38	29	176000
38	2	25200
38	30	377000
38	31	465300
38	32	145200
38	33	643700
38	34	97600
38	35	315300
38	36	134300
38	37	482200
38	38	167800
38	39	440900
38	3	31200
38	40	82000
38	41	411600
38	42	70400
38	43	672400
38	44	50500
38	45	418000
38	46	19000
38	47	303600
38	48	17000
38	49	265800
38	4	202300
38	50	47800
38	51	256100
38	52	61000
38	53	156700
38	54	124200
38	55	92200
38	56	158800
38	57	23400
38	58	162500
38	59	100
38	5	635400
38	60	158600
38	62	109200
38	64	336400
38	65	29900
38	66	1100
38	68	295600
38	69	39200
38	6	24400
38	70	26700
38	71	29500
38	72	8900
38	74	39300
38	75	6500
38	76	5000
38	7	388300
38	83	54700
38	8	11200
38	9	38300
39	0	36300
39	10	38000
39	11	24700
39	13	166200
39	14	5700
39	15	14800
39	16	38000
39	17	2700
39	18	15600
39	19	27900
39	1	19500
39	20	2200
39	21	61700
39	23	85900
39	24	23800
39	25	36100
39	26	28400
39	28	29600
39	29	2800
39	30	89200
39	31	153000
39	32	66500
39	33	109300
39	34	28700
39	35	23800
39	36	69600
39	37	70700
39	38	9600
39	39	46000
39	40	600
39	41	39500
39	42	9700
39	43	79800
39	44	4600
39	45	15800
39	47	13800
39	48	3000
39	49	34200
39	50	2600
39	51	10500
39	52	1200
39	53	800
39	54	6600
39	55	4300
39	56	5000
39	57	300
39	58	13200
39	5	53600
39	60	9800
39	62	4900
39	64	5300
39	68	3800
39	69	900
39	71	100
39	74	200
39	75	200
39	7	50700
39	83	3000
3	10	135000
3	11	307000
3	13	225200
3	16	414100
3	18	231400
3	19	446000
3	20	562800
3	21	681100
3	22	12900
3	23	331100
3	24	286900
3	25	125400
3	26	397900
3	27	70900
3	28	614700
3	29	369700
3	30	547000
3	31	886800
3	32	255900
3	33	829900
3	34	156800
3	35	446600
3	36	117100
3	37	285000
3	38	42700
3	39	318400
3	3	2168500
3	40	14000
3	41	440300
3	42	58500
3	43	340700
3	44	31000
3	45	342100
3	46	5100
3	47	195200
3	48	1700
3	49	221900
3	4	228600
3	50	37400
3	51	211100
3	52	79000
3	53	119300
3	54	85900
3	55	84000
3	56	151500
3	57	27200
3	58	140600
3	59	100
3	5	769400
3	60	133000
3	62	67700
3	64	253100
3	65	22600
3	66	400
3	68	201800
3	69	36500
3	6	74200
3	70	24500
3	71	33800
3	72	21200
3	73	400
3	74	18200
3	75	5600
3	76	1100
3	7	980200
3	83	53100
3	8	1100
3	9	405900
40	0	298700
40	10	215600
40	11	444000
40	13	243100
40	14	41000
40	15	34500
40	16	384600
40	17	89400
40	18	368100
40	19	686500
40	1	229600
40	20	77700
40	21	621900
40	22	5100
40	23	321200
40	24	210100
40	25	136600
40	26	416000
40	27	226100
40	28	623400
40	29	330000
40	2	13200
40	30	434000
40	31	526800
40	32	221900
40	33	542700
40	34	178500
40	35	483800
40	36	175400
40	37	472800
40	38	223400
40	39	677600
40	3	52200
40	40	139700
40	41	581400
40	42	64900
40	43	566600
40	44	76400
40	45	490300
40	46	39800
40	47	411000
40	48	45100
40	49	380200
40	4	160000
40	50	33100
40	51	280500
40	52	80400
40	53	247100
40	54	159500
40	55	102200
40	56	178200
40	57	20700
40	58	247900
40	5	722700
40	60	218400
40	62	107200
40	64	422500
40	65	42000
40	66	2900
40	68	319200
40	69	36800
40	6	13400
40	70	35300
40	71	35400
40	72	17100
40	73	100
40	74	35000
40	7	488800
40	83	62000
40	8	4400
40	9	66100
41	10	3800
41	16	6800
41	18	45800
41	19	13400
41	20	400
41	21	23100
41	23	7600
41	26	700
41	27	700
41	28	13300
41	29	500
41	31	10000
41	33	2000
41	41	1900
41	43	32500
41	45	3900
41	46	1000
41	47	600
41	48	500
41	49	1000
41	5	53700
41	60	5400
41	62	200
41	64	200
41	68	3000
42	0	449000
42	10	263400
42	11	434500
42	12	24200
42	13	89300
42	14	22600
42	15	55700
42	16	432800
42	17	156400
42	18	472900
42	19	738600
42	1	82300
42	20	106500
42	21	1011200
42	22	1300
42	23	450000
42	24	134600
42	25	94400
42	26	557900
42	27	170900
42	28	693300
42	29	363700
42	2	45800
42	30	620400
42	31	999400
42	32	191800
42	33	851100
42	34	181100
42	35	660300
42	36	235400
42	37	755300
42	38	248100
42	39	806400
42	3	17500
42	40	167900
42	41	696000
42	42	63800
42	43	727700
42	44	62900
42	45	665900
42	46	28800
42	47	495300
42	48	22000
42	49	439200
42	4	206500
42	50	36600
42	51	351700
42	52	88100
42	53	241500
42	54	176600
42	55	132900
42	56	242800
42	57	25900
42	58	252400
42	59	2800
42	5	960600
42	60	317000
42	62	199000
42	64	589500
42	65	65700
42	66	3400
42	68	458100
42	69	67000
42	6	28300
42	70	64700
42	71	45400
42	72	25400
42	74	42200
42	75	5300
42	76	1600
42	7	595800
42	83	128600
42	8	6500
42	9	125100
44	0	387200
44	10	149100
44	11	447400
44	12	75700
44	13	108100
44	14	41700
44	15	31200
44	16	419000
44	17	100700
44	18	600500
44	19	711800
44	1	137400
44	20	151800
44	21	922200
44	22	78900
44	23	405300
44	24	195200
44	25	240700
44	26	604800
44	27	148200
44	28	773700
44	29	381100
44	2	125500
44	30	809400
44	31	958300
44	32	225400
44	33	1017600
44	34	153200
44	35	765000
44	36	326500
44	37	822000
44	38	326300
44	39	998900
44	3	42700
44	40	195400
44	41	995600
44	42	114500
44	43	929100
44	44	47200
44	45	831300
44	46	37300
44	47	838000
44	48	105000
44	49	665800
44	4	417700
44	50	57400
44	51	559600
44	52	169700
44	53	388500
44	54	336900
44	55	223800
44	56	367300
44	57	27900
44	58	428000
44	59	3600
44	5	1148600
44	60	374800
44	62	314700
44	64	902500
44	65	65600
44	66	100
44	68	666600
44	69	87600
44	6	194600
44	70	73700
44	71	43800
44	72	40200
44	73	1200
44	74	88500
44	75	10600
44	76	5600
44	77	2700
44	7	513100
44	83	191100
44	8	14200
44	9	140000
46	0	718300
46	10	329500
46	11	467300
46	12	57700
46	13	170800
46	14	43000
46	15	58000
46	16	820500
46	17	139800
46	18	638200
46	19	889000
46	1	236000
46	20	221500
46	21	890300
46	22	35600
46	23	585100
46	24	318800
46	25	253600
46	26	671800
46	27	202700
46	28	1167000
46	29	429800
46	2	176900
46	30	980100
46	31	1285600
46	32	228700
46	33	1152000
46	34	214200
46	35	961200
46	36	409300
46	37	1245900
46	38	478100
46	39	1621100
46	3	96700
46	40	307800
46	41	1301900
46	42	168500
46	43	1401400
46	44	88900
46	45	1212900
46	46	76900
46	47	1147900
46	48	73000
46	49	868600
46	4	681000
46	50	65300
46	51	774000
46	52	195900
46	53	616400
46	54	467600
46	55	350000
46	56	654900
46	57	65000
46	58	696800
46	59	2400
46	5	1575300
46	60	725000
46	62	527100
46	64	1501700
46	65	117700
46	66	1500
46	68	1118100
46	69	163500
46	6	178100
46	70	119700
46	71	95100
46	72	80600
46	73	3200
46	74	168100
46	75	20200
46	76	13800
46	77	1000
46	7	789300
46	83	324700
46	8	8100
46	9	284900
48	0	977800
48	10	279900
48	11	707400
48	12	77500
48	13	218100
48	14	106800
48	15	56600
48	16	652100
48	17	179900
48	18	734800
48	19	1049500
48	1	367700
48	20	205600
48	21	1397900
48	22	92900
48	23	548900
48	24	306900
48	25	297400
48	26	569100
48	27	356600
48	28	1576500
48	29	447200
48	2	99900
48	30	1173800
48	31	1587100
48	32	332200
48	33	1841500
48	34	291100
48	35	1484900
48	36	617400
48	37	1722900
48	38	437300
48	39	1973100
48	3	197400
48	40	261400
48	41	1950000
48	42	191400
48	43	1938100
48	44	146100
48	45	2014500
48	46	69100
48	47	1955800
48	48	121700
48	49	1620900
48	4	1177800
48	50	142000
48	51	1294100
48	52	389900
48	53	997800
48	54	749500
48	55	612900
48	56	1196200
48	57	126300
48	58	1345800
48	59	3100
48	5	2082400
48	60	1358000
48	62	898600
48	64	2973000
48	65	324000
48	66	5800
48	68	2228600
48	69	318100
48	6	287200
48	70	266000
48	71	231200
48	72	146000
48	73	4200
48	74	254000
48	75	39200
48	76	11600
48	77	1300
48	7	1013100
48	83	582400
48	8	36500
48	9	210500
4	3	34000
50	0	1225300
50	10	369400
50	11	883000
50	12	46000
50	13	416400
50	14	241000
50	15	39400
50	16	816000
50	17	165900
50	18	1151100
50	19	1778300
50	1	709900
50	20	331000
50	21	2071400
50	22	73400
50	23	705900
50	24	234500
50	25	196600
50	26	1050900
50	27	285100
50	28	1753100
50	29	591900
50	2	274700
50	30	1426500
50	31	1632400
50	32	409100
50	33	2083000
50	34	279400
50	35	1639300
50	36	609100
50	37	2343400
50	38	654300
50	39	2371300
50	3	185200
50	40	341500
50	41	2454400
50	42	183400
50	43	2561700
50	44	163900
50	45	2992000
50	46	88100
50	47	2785200
50	48	111700
50	49	2526200
50	4	1287700
50	50	209000
50	51	2176400
50	52	598900
50	53	1679600
50	54	1296900
50	55	949200
50	56	1787800
50	57	205500
50	58	2127600
50	59	8300
50	5	2737500
50	60	2303100
50	62	1648300
50	64	5464900
50	65	547400
50	66	16200
50	68	4140500
50	69	606800
50	6	385600
50	70	500800
50	71	430200
50	72	232000
50	73	9000
50	74	503500
50	75	52300
50	76	23400
50	77	3300
50	7	1479000
50	83	1105500
50	8	64000
50	9	144500
52	0	1422200
52	10	471700
52	11	885300
52	12	85200
52	13	420500
52	14	240700
52	15	26700
52	16	932200
52	17	140900
52	18	1293300
52	19	1693700
52	1	997900
52	20	182200
52	21	1853300
52	22	89800
52	23	618500
52	24	146500
52	25	258900
52	26	912500
52	27	180400
52	28	1547000
52	29	525000
52	2	275700
52	30	1653500
52	31	2028400
52	32	308300
52	33	2028700
52	34	261400
52	35	1621400
52	36	562700
52	37	2215200
52	38	551600
52	39	2680600
52	3	152500
52	40	350500
52	41	2552900
52	42	182800
52	43	3048300
52	44	153900
52	45	3152200
52	46	68700
52	47	3112700
52	48	117000
52	49	2946200
52	4	1517100
52	50	249800
52	51	2664500
52	52	646100
52	53	2057300
52	54	1449000
52	55	1088900
52	56	2289200
52	57	276000
52	58	2744800
52	59	19200
52	5	2601400
52	60	3288700
52	62	2464300
52	64	7743200
52	65	754500
52	66	31100
52	68	5693600
52	69	911200
52	6	269200
52	70	729900
52	71	606700
52	72	389100
52	73	12500
52	74	760200
52	75	116500
52	76	35700
52	77	8400
52	7	1679800
52	83	1552600
52	8	56500
52	9	111900
53	0	155400
53	10	70300
53	11	92000
53	12	11800
53	13	45500
53	14	29500
53	15	800
53	16	134000
53	17	2700
53	18	148800
53	19	166100
53	1	135800
53	20	20900
53	21	279800
53	22	29500
53	23	48300
53	24	13200
53	25	17700
53	26	76300
53	27	13200
53	28	160300
53	29	36300
53	2	18400
53	30	173000
53	31	239800
53	32	32700
53	33	216300
53	34	42100
53	35	168000
53	36	49500
53	37	232800
53	38	47600
53	39	320700
53	3	23300
53	40	39400
53	41	338500
53	42	13100
53	43	250200
53	44	11400
53	45	365400
53	46	9900
53	47	415500
53	48	13700
53	49	317900
53	4	134900
53	50	35900
53	51	266100
53	52	85200
53	53	208000
53	54	146500
53	55	142300
53	56	231600
53	57	31100
53	58	286000
53	59	500
53	5	268100
53	60	358100
53	62	217000
53	64	662500
53	65	74400
53	66	400
53	68	548000
53	69	91300
53	6	21400
53	70	56600
53	71	48100
53	72	41200
53	73	400
53	74	73600
53	75	11000
53	76	2700
53	77	500
53	7	179200
53	83	149200
53	8	7600
53	9	2300
54	0	830400
54	10	147000
54	11	567700
54	12	23300
54	13	105300
54	14	125500
54	15	27000
54	16	535700
54	17	28400
54	18	703900
54	19	916700
54	1	459600
54	20	84400
54	21	864300
54	22	25100
54	23	248700
54	24	87900
54	25	116200
54	26	440900
54	27	87300
54	28	888800
54	29	230200
54	2	92900
54	30	697500
54	31	959800
54	32	144700
54	33	967200
54	34	175300
54	35	782800
54	36	243800
54	37	1076600
54	38	256200
54	39	1357300
54	3	118600
54	40	162800
54	41	1400400
54	42	87200
54	43	1538800
54	44	80900
54	45	1661100
54	46	56000
54	47	1709200
54	48	52200
54	49	1425700
54	4	735600
54	50	136600
54	51	1401400
54	52	359100
54	53	1194600
54	54	964900
54	55	682300
54	56	1355900
54	57	161800
54	58	1681900
54	59	6900
54	5	1306800
54	60	2000900
54	62	1535000
54	64	5167100
54	65	599900
54	66	17000
54	68	3985200
54	69	662200
54	6	118700
54	70	532800
54	71	422500
54	72	280700
54	73	10300
54	74	616500
54	75	97200
54	76	42900
54	77	5500
54	7	785700
54	83	1114300
54	8	56000
54	9	64300
55	0	747100
55	10	89500
55	11	532500
55	12	21600
55	13	66500
55	14	66500
55	15	15300
55	16	503500
55	17	13100
55	18	530200
55	19	897400
55	1	430100
55	20	96600
55	21	649800
55	22	32400
55	23	181900
55	24	77700
55	25	152300
55	26	427700
55	27	57600
55	28	694700
55	29	193600
55	2	97000
55	30	628600
55	31	828900
55	32	136700
55	33	961400
55	34	113600
55	35	791000
55	36	189800
55	37	1006900
55	38	176300
55	39	1229800
55	3	131500
55	40	111600
55	41	1230900
55	42	100900
55	43	1390000
55	44	62500
55	45	1379200
55	46	30600
55	47	1310200
55	48	45400
55	49	1336900
55	4	745400
55	50	110300
55	51	1213700
55	52	360700
55	53	1023000
55	54	840400
55	55	659000
55	56	1348600
55	57	176900
55	58	1600500
55	59	7700
55	5	1158400
55	60	1894500
55	62	1672900
55	64	5420700
55	65	634000
55	66	35200
55	68	4644300
55	69	845800
55	6	142700
55	70	637800
55	71	530900
55	72	383500
55	73	11700
55	74	686600
55	75	118200
55	76	38100
55	77	7300
55	78	1200
55	7	694000
55	83	1192700
55	8	47700
55	9	45600
56	0	78100
56	10	4800
56	11	35000
56	12	700
56	13	2500
56	14	1900
56	16	51800
56	17	400
56	18	39800
56	19	58000
56	1	35100
56	20	5300
56	21	44500
56	22	2500
56	23	5500
56	24	2300
56	25	16700
56	26	24900
56	27	1700
56	28	64900
56	29	8900
56	2	3400
56	30	47900
56	31	60100
56	32	27000
56	33	61700
56	34	5900
56	35	62800
56	36	11600
56	37	45100
56	38	6100
56	39	101600
56	3	15100
56	40	12100
56	41	93000
56	42	1700
56	43	104700
56	44	6500
56	45	90500
56	46	5900
56	47	96400
56	48	1500
56	49	72200
56	4	71800
56	50	9000
56	51	95900
56	52	37200
56	53	76900
56	54	65400
56	55	51800
56	56	102100
56	57	12000
56	58	116900
56	59	100
56	5	83500
56	60	180400
56	62	139200
56	64	383200
56	65	31300
56	66	2200
56	68	303800
56	69	41500
56	6	17400
56	70	27300
56	71	33100
56	72	13700
56	73	200
56	74	28200
56	75	6400
56	76	1600
56	77	500
56	78	400
56	7	43900
56	83	78400
56	8	3700
56	9	1500
57	0	712600
57	10	93200
57	11	460900
57	12	23100
57	13	150900
57	14	21200
57	15	600
57	16	480800
57	17	34300
57	18	631200
57	19	720400
57	1	458800
57	20	87500
57	21	633900
57	22	7400
57	23	220700
57	24	46800
57	25	218400
57	26	315200
57	27	78700
57	28	595000
57	29	113600
57	2	120400
57	30	631700
57	31	815100
57	32	113000
57	33	809600
57	34	115700
57	35	546000
57	36	142000
57	37	899800
57	38	220400
57	39	1013100
57	3	69700
57	40	121900
57	41	1119900
57	42	54700
57	43	1212400
57	44	53700
57	45	1343000
57	46	30800
57	47	1443500
57	48	65900
57	49	1335700
57	4	775700
57	50	142900
57	51	1185400
57	52	321400
57	53	1095400
57	54	831100
57	55	653500
57	56	1320100
57	57	138500
57	58	1873200
57	59	4100
57	5	972200
57	60	2200300
57	62	1992800
57	64	6406900
57	65	911900
57	66	43800
57	68	5882100
57	69	1002700
57	6	61700
57	70	842400
57	71	720800
57	72	517800
57	73	29000
57	74	901800
57	75	157400
57	76	52500
57	77	13000
57	78	1500
57	7	693600
57	83	1459900
57	8	35600
57	9	83500
59	0	510500
59	10	74100
59	11	233800
59	12	25100
59	13	79500
59	14	21200
59	15	1400
59	16	167000
59	17	6400
59	18	384000
59	19	511400
59	1	198800
59	20	93200
59	21	405900
59	22	2700
59	23	72600
59	24	40100
59	25	61600
59	26	149100
59	27	17400
59	28	340300
59	29	41000
59	2	73600
59	30	307600
59	31	431900
59	32	30100
59	33	443800
59	34	35000
59	35	297900
59	36	91700
59	37	469100
59	38	69800
59	39	533900
59	3	25300
59	40	42600
59	41	542100
59	42	22400
59	43	639200
59	44	22500
59	45	715300
59	46	11300
59	47	693900
59	48	24100
59	49	728900
59	4	378900
59	50	54100
59	51	678200
59	52	154900
59	53	584100
59	54	477800
59	55	375600
59	56	819700
59	57	90600
59	58	1135600
59	59	1300
59	5	489400
59	60	1397900
59	62	1309400
59	64	4453800
59	65	668500
59	66	29900
59	68	4520400
59	69	882300
59	6	17500
59	70	714600
59	71	612100
59	72	439800
59	73	22100
59	74	839800
59	75	133100
59	76	47100
59	77	14200
59	78	100
59	7	376200
59	83	1166400
59	8	600
59	9	7400
5	18	114300
5	19	97600
5	21	40400
5	22	69700
5	23	46800
5	26	36800
5	27	52000
5	28	4600
5	30	56600
5	31	14000
5	32	300
5	33	34800
5	34	4800
5	35	54900
5	36	47900
5	37	88700
5	38	17000
5	39	10300
5	3	102600
5	41	16700
5	43	3500
5	4	550200
5	51	1800
5	53	2900
5	5	3000
5	64	700
5	68	1600
5	83	1700
61	0	230400
61	10	28700
61	11	147000
61	12	9000
61	13	44700
61	14	24700
61	15	6500
61	16	82100
61	18	168900
61	19	246200
61	1	129900
61	20	26000
61	21	217300
61	22	25800
61	23	38100
61	24	19800
61	25	9300
61	26	80600
61	27	7900
61	28	161900
61	29	18600
61	2	44800
61	30	184000
61	31	305300
61	32	34900
61	33	233000
61	34	15100
61	35	136600
61	36	42900
61	37	241900
61	38	49300
61	39	274000
61	3	33700
61	40	35800
61	41	318800
61	42	18200
61	43	397700
61	44	11500
61	45	375000
61	46	7800
61	47	397500
61	48	11400
61	49	340900
61	4	172700
61	50	28100
61	51	320100
61	52	74400
61	53	331000
61	54	241000
61	55	208900
61	56	489900
61	57	41400
61	58	725200
61	59	700
61	5	359700
61	60	918600
61	62	855800
61	64	3197100
61	65	495700
61	66	39700
61	68	3386900
61	69	714000
61	6	14700
61	70	580700
61	71	532200
61	72	379900
61	73	22200
61	74	626000
61	75	105900
61	76	36200
61	77	8000
61	7	209200
61	83	875900
61	8	300
61	9	3100
63	0	166800
63	10	6200
63	11	102700
63	12	11600
63	13	45100
63	14	5200
63	15	7400
63	16	94200
63	18	157900
63	19	228300
63	1	104200
63	20	9100
63	21	139000
63	22	13600
63	23	11000
63	24	500
63	25	4600
63	26	37600
63	27	5900
63	28	95100
63	29	29000
63	2	18100
63	30	91500
63	31	212200
63	32	24600
63	33	182700
63	34	1500
63	35	94300
63	36	69600
63	37	154400
63	38	34400
63	39	242900
63	3	25400
63	40	15300
63	41	221800
63	42	10100
63	43	290900
63	44	18200
63	45	306500
63	46	2300
63	47	269300
63	48	5600
63	49	257300
63	4	80200
63	50	20900
63	51	251900
63	52	67200
63	53	281400
63	54	194100
63	55	155700
63	56	379500
63	57	37300
63	58	573000
63	59	100
63	5	251400
63	60	806400
63	62	809900
63	64	2984400
63	65	459800
63	66	17500
63	68	3134200
63	69	777000
63	6	23200
63	70	617300
63	71	492300
63	72	341700
63	73	20200
63	74	584500
63	75	100200
63	76	37500
63	77	7000
63	7	126100
63	83	842400
63	8	500
63	9	700
65	0	11200
65	10	1700
65	11	6100
65	12	1000
65	13	14900
65	16	27000
65	18	19700
65	19	30000
65	1	10800
65	20	3200
65	21	29300
65	22	300
65	26	3600
65	27	1300
65	28	23100
65	29	2500
65	2	100
65	30	25100
65	31	30200
65	32	1200
65	33	27300
65	35	13300
65	36	3800
65	37	21800
65	38	700
65	39	31400
65	40	400
65	41	25700
65	42	400
65	43	32700
65	44	2700
65	45	42400
65	46	700
65	47	38200
65	48	700
65	49	41300
65	4	4500
65	50	1100
65	51	32800
65	52	2700
65	53	26700
65	54	31400
65	55	22800
65	56	54700
65	57	5300
65	58	80300
65	5	54900
65	60	159700
65	62	154700
65	64	568500
65	65	95200
65	66	4400
65	68	577700
65	69	137600
65	6	3500
65	70	124000
65	71	131600
65	72	79800
65	73	6000
65	74	163300
65	75	19900
65	76	4600
65	77	600
65	7	17600
65	83	176400
66	0	70100
66	10	9000
66	11	28000
66	12	1700
66	13	6200
66	14	2700
66	16	37400
66	18	55500
66	19	78800
66	1	40700
66	20	10000
66	21	47000
66	22	1400
66	23	3600
66	24	1900
66	25	1000
66	26	17500
66	27	4500
66	28	41800
66	29	6900
66	2	2800
66	30	64700
66	31	81500
66	32	2200
66	33	92400
66	34	300
66	35	45700
66	36	12600
66	37	69900
66	38	2700
66	39	83400
66	3	9400
66	40	1100
66	41	95800
66	42	2500
66	43	117700
66	44	11600
66	45	110200
66	47	124000
66	48	1700
66	49	117500
66	4	28900
66	50	2200
66	51	107000
66	52	14100
66	53	114100
66	54	76100
66	55	64400
66	56	175100
66	57	17700
66	58	243000
66	59	1500
66	5	106000
66	60	332200
66	62	322000
66	64	1406200
66	65	227600
66	66	15000
66	68	1562900
66	69	345300
66	6	6800
66	70	299200
66	71	260000
66	72	185200
66	73	9400
66	74	333600
66	75	65000
66	76	24800
66	77	3100
66	7	43100
66	83	422200
66	8	400
66	9	1000
67	0	111200
67	10	7300
67	11	53400
67	12	3000
67	13	15200
67	16	68000
67	18	94400
67	19	167100
67	1	91000
67	20	22500
67	21	144500
67	22	6600
67	23	12200
67	24	2300
67	25	11600
67	26	26300
67	27	2400
67	28	106500
67	29	23600
67	2	20400
67	30	137300
67	31	158700
67	32	10900
67	33	134100
67	34	5500
67	35	75800
67	36	25800
67	37	122400
67	38	23100
67	39	189200
67	3	4600
67	40	9600
67	41	233800
67	42	15200
67	43	235300
67	44	5300
67	45	191500
67	46	5900
67	47	238900
67	48	4500
67	49	202600
67	4	103300
67	50	18100
67	51	204400
67	52	34800
67	53	184800
67	54	169100
67	55	122300
67	56	329700
67	57	37800
67	58	504200
67	59	2200
67	5	158400
67	60	736600
67	62	605700
67	64	2583600
67	65	405400
67	66	16600
67	68	3171200
67	69	688800
67	6	8200
67	70	595500
67	71	475500
67	72	380700
67	73	23200
67	74	670700
67	75	119100
67	76	49700
67	77	15700
67	78	1000
67	7	90000
67	83	978900
67	8	2300
67	9	5700
68	11	1500
68	16	1800
68	19	900
68	1	300
68	20	100
68	21	100
68	28	600
68	29	200
68	2	100
68	31	1100
68	32	2600
68	33	2200
68	37	900
68	39	900
68	41	300
68	45	1600
68	47	700
68	49	900
68	51	200
68	54	2000
68	55	700
68	56	1700
68	57	400
68	58	4700
68	60	14500
68	62	3700
68	64	23300
68	65	6100
68	68	25000
68	69	5000
68	70	4200
68	71	11100
68	72	9600
68	73	2200
68	74	15400
68	75	600
68	76	2000
68	77	100
68	83	10100
69	0	23400
69	10	13900
69	11	36800
69	12	1100
69	13	5200
69	16	9900
69	18	14100
69	19	44900
69	1	23000
69	20	4700
69	21	24700
69	23	4600
69	25	1100
69	26	8100
69	28	33200
69	29	10700
69	2	6000
69	30	49200
69	31	49500
69	32	14200
69	33	45700
69	34	100
69	35	25000
69	36	3600
69	37	39800
69	38	7600
69	39	41500
69	3	400
69	40	1400
69	41	40000
69	42	3000
69	43	56900
69	44	1700
69	45	46600
69	46	3100
69	47	57000
69	48	5300
69	49	46900
69	4	30900
69	50	1700
69	51	44800
69	52	5800
69	53	43900
69	54	37900
69	55	25000
69	56	90600
69	57	6700
69	58	101100
69	59	400
69	5	24000
69	60	178100
69	62	173500
69	64	731800
69	65	150200
69	66	2700
69	68	926400
69	69	194800
69	6	1000
69	70	181400
69	71	156400
69	72	128500
69	73	6400
69	74	204900
69	75	45300
69	76	18400
69	77	4500
69	7	23900
69	83	273300
69	8	500
69	9	800
6	10	181400
6	11	246700
6	13	45800
6	14	283100
6	15	100
6	16	858900
6	17	115300
6	18	376100
6	19	666400
6	20	211000
6	21	661600
6	23	521700
6	24	408600
6	25	195500
6	26	357000
6	27	25000
6	28	753100
6	29	283100
6	2	149400
6	30	1029800
6	31	538800
6	32	113300
6	33	680900
6	34	174400
6	35	583000
6	36	168900
6	37	613100
6	38	201400
6	39	618200
6	3	79900
6	40	127700
6	41	601200
6	42	59900
6	43	678400
6	44	57400
6	45	476300
6	46	16200
6	47	524500
6	48	38900
6	49	413700
6	4	713000
6	50	31100
6	51	233700
6	52	103800
6	53	178800
6	54	111800
6	55	103300
6	56	216600
6	57	14900
6	58	238400
6	59	1200
6	5	347000
6	60	277300
6	62	166700
6	64	392500
6	65	33300
6	66	500
6	68	233900
6	69	22500
6	70	21200
6	71	22500
6	72	10100
6	73	300
6	74	21600
6	75	2800
6	76	1000
6	77	300
6	7	49500
6	83	79000
6	9	225500
70	0	13800
70	10	10100
70	11	30000
70	12	1500
70	13	300
70	16	17600
70	18	63500
70	19	62100
70	1	47300
70	20	2200
70	21	25000
70	22	500
70	23	4000
70	24	400
70	25	2200
70	26	12100
70	27	300
70	28	22300
70	29	1300
70	2	4500
70	30	25400
70	31	49400
70	32	6500
70	33	57900
70	34	400
70	35	38700
70	36	3200
70	37	58100
70	38	7300
70	39	53000
70	40	200
70	41	61600
70	42	5400
70	43	72000
70	44	3700
70	45	88100
70	46	700
70	47	71200
70	48	1700
70	49	66200
70	4	27700
70	50	4800
70	51	64300
70	52	9400
70	53	65600
70	54	51600
70	55	44900
70	56	101600
70	57	12500
70	58	115500
70	5	36000
70	60	172300
70	62	182900
70	64	808400
70	65	151500
70	66	6300
70	68	1017900
70	69	255000
70	6	2800
70	70	223400
70	71	190900
70	72	132200
70	73	9400
70	74	240200
70	75	54400
70	76	22100
70	77	5000
70	7	31500
70	83	326300
70	8	2000
70	9	4800
71	0	9500
71	10	8000
71	11	17800
71	12	1200
71	13	700
71	16	10500
71	18	47400
71	19	31600
71	1	38000
71	21	25400
71	22	1300
71	23	500
71	26	14400
71	28	20100
71	29	1200
71	2	6400
71	30	25000
71	31	26000
71	32	4800
71	33	62000
71	34	1100
71	35	19800
71	36	5300
71	37	23400
71	38	1600
71	39	55300
71	40	1100
71	41	43600
71	42	1200
71	43	50500
71	44	1300
71	45	61400
71	46	900
71	47	64500
71	48	700
71	49	68200
71	4	33800
71	50	3100
71	51	45700
71	52	17400
71	53	52900
71	54	62100
71	55	31000
71	56	84400
71	57	6400
71	58	99200
71	59	100
71	5	31300
71	60	135700
71	62	140000
71	64	613900
71	65	105400
71	66	7400
71	68	792200
71	69	167300
71	6	1300
71	70	182800
71	71	157600
71	72	127600
71	73	5600
71	74	207100
71	75	46900
71	76	22100
71	77	6600
71	7	37900
71	83	308400
71	9	2700
72	0	11100
72	10	9800
72	11	12300
72	12	300
72	13	1200
72	16	8400
72	18	22100
72	19	37700
72	1	12300
72	21	22500
72	23	800
72	25	500
72	26	10000
72	28	20400
72	29	900
72	2	5500
72	30	16600
72	31	15600
72	32	7200
72	33	36500
72	34	700
72	35	18600
72	36	5500
72	37	19100
72	38	1900
72	39	50000
72	40	4600
72	41	34700
72	42	800
72	43	40500
72	44	7500
72	45	31100
72	47	54100
72	48	3100
72	49	31500
72	4	27200
72	50	200
72	51	36000
72	52	10100
72	53	31000
72	54	28500
72	55	21300
72	56	56400
72	57	3500
72	58	87400
72	59	300
72	5	36800
72	60	101500
72	62	105000
72	64	458200
72	65	80100
72	66	2500
72	68	633300
72	69	150600
72	70	160800
72	71	122400
72	72	88000
72	73	5800
72	74	140100
72	75	32100
72	76	16600
72	77	9200
72	7	26800
72	83	242400
72	9	2000
73	0	17200
73	10	26900
73	11	32300
73	16	39800
73	18	31800
73	19	39500
73	1	24800
73	21	42400
73	23	3300
73	25	400
73	26	4400
73	28	69400
73	29	700
73	2	7000
73	30	20000
73	31	40300
73	32	2900
73	33	30600
73	34	600
73	35	52500
73	36	20400
73	37	42000
73	38	2700
73	39	65500
73	40	4400
73	41	76500
73	42	6800
73	43	52400
73	44	3700
73	45	59700
73	46	300
73	47	54800
73	48	100
73	49	65700
73	4	41100
73	50	400
73	51	45700
73	52	4900
73	53	35700
73	54	33200
73	55	29200
73	56	77600
73	57	10800
73	58	110000
73	5	45300
73	60	133700
73	62	148100
73	64	571200
73	65	91000
73	66	7300
73	68	861600
73	69	223700
73	70	215400
73	71	201600
73	72	145800
73	73	8700
73	74	294400
73	75	60300
73	76	22300
73	77	9900
73	78	300
73	7	46700
73	83	413300
77	19	200
77	1	3600
77	45	500
77	65	1300
77	68	1400
78	10	3200
78	18	3600
78	1	300
78	28	2900
78	2	3100
78	33	400
78	35	800
78	37	3900
78	39	700
78	43	1700
78	45	2700
78	47	1000
78	53	900
78	54	500
78	58	2000
78	60	3200
78	62	100
78	64	3700
78	65	700
78	66	200
78	68	13900
78	69	1600
78	70	1300
78	71	2100
78	72	1200
78	74	2100
78	75	1000
78	83	3200
79	16	700
79	18	900
79	28	2200
79	30	1100
79	33	100
79	37	700
79	39	1400
79	47	600
79	4	300
79	51	1100
79	52	1500
79	53	300
79	60	1300
79	64	4200
79	68	6300
79	69	2400
79	70	1600
79	71	2500
79	72	1900
79	74	3900
79	75	600
79	76	1300
79	83	6700
7	16	181900
7	18	229100
7	19	103500
7	20	65100
7	21	25800
7	23	43100
7	24	400
7	25	1300
7	26	38600
7	30	197800
7	31	113400
7	32	700
7	33	50500
7	35	32200
7	36	20200
7	37	122100
7	38	83500
7	39	198600
7	40	18200
7	41	155100
7	42	45800
7	43	119200
7	44	27700
7	45	95800
7	46	900
7	47	81500
7	48	1700
7	49	63100
7	50	7100
7	51	62700
7	52	19500
7	53	30500
7	54	21300
7	55	15600
7	56	10800
7	58	21000
7	5	153700
7	60	25100
7	62	34300
7	64	40000
7	68	28900
7	69	1700
7	6	78700
7	70	1800
7	71	400
7	74	1200
7	75	1000
7	7	642300
7	83	9500
80	16	300
80	71	100
80	74	300
83	0	192200
83	10	28200
83	11	120700
83	12	2100
83	13	10100
83	16	158000
83	17	12300
83	18	191600
83	19	319800
83	1	132200
83	20	8200
83	21	167200
83	23	17400
83	24	9400
83	25	12100
83	26	42900
83	27	1500
83	28	182300
83	29	30300
83	2	38300
83	30	152100
83	31	234000
83	32	16200
83	33	191800
83	34	6300
83	35	123400
83	36	38900
83	37	239500
83	38	30600
83	39	323300
83	3	8500
83	40	12200
83	41	380000
83	42	11900
83	43	354300
83	44	13600
83	45	382400
83	46	2800
83	47	459100
83	48	13900
83	49	371500
83	4	239700
83	50	12100
83	51	372100
83	52	65100
83	53	359700
83	54	265100
83	55	228500
83	56	474600
83	57	48000
83	58	634800
83	59	600
83	5	376900
83	60	803500
83	62	780900
83	64	3786400
83	65	483100
83	66	25300
83	68	5095000
83	69	1037500
83	6	5300
83	70	979600
83	71	901400
83	72	612000
83	73	34800
83	74	1332000
83	75	254000
83	76	125000
83	77	33900
83	78	700
83	7	228300
83	83	3049600
83	9	5900
8	0	270600
8	11	42500
8	13	362500
8	14	2900
8	16	399200
8	17	166400
8	18	526900
8	19	355500
8	1	349400
8	21	655800
8	23	73600
8	24	46400
8	25	211500
8	26	419700
8	27	141700
8	28	829900
8	29	102600
8	2	120600
8	30	562900
8	31	532100
8	32	145800
8	33	320500
8	34	213800
8	35	287000
8	36	198900
8	37	476100
8	38	154300
8	39	561700
8	3	426100
8	40	97600
8	41	488500
8	42	97800
8	43	508400
8	44	25800
8	45	472100
8	46	10800
8	47	422600
8	48	37100
8	49	291400
8	4	273200
8	50	32200
8	51	252200
8	52	56100
8	53	163500
8	54	125200
8	55	90300
8	56	222200
8	57	38300
8	58	259400
8	59	600
8	5	67400
8	60	210700
8	62	142800
8	64	433700
8	65	25800
8	66	200
8	68	299900
8	69	35100
8	70	26900
8	71	26200
8	72	14300
8	74	29400
8	75	2600
8	76	4600
8	77	100
8	7	692800
8	83	64800
9	0	1242700
9	10	117600
9	11	1049300
9	13	24200
9	16	1560900
9	17	90500
9	18	1016500
9	19	1010400
9	1	1100
9	20	344000
9	21	1378700
9	23	256700
9	24	172500
9	25	297900
9	26	166300
9	28	448500
9	29	240100
9	2	464700
9	30	327300
9	31	474100
9	32	169800
9	33	344600
9	34	131700
9	35	303700
9	36	141200
9	37	272100
9	38	116200
9	39	390500
9	3	440200
9	40	61400
9	41	465900
9	42	40900
9	43	390100
9	44	39600
9	45	382400
9	46	12700
9	47	334700
9	48	29000
9	49	288700
9	4	666000
9	50	10600
9	51	211800
9	52	56700
9	53	144300
9	54	95400
9	55	103700
9	56	182700
9	57	18600
9	58	147200
9	59	300
9	5	286200
9	60	207400
9	62	117200
9	64	359400
9	65	57400
9	66	3800
9	68	336200
9	69	57300
9	6	5000
9	70	61600
9	71	60300
9	72	27000
9	73	500
9	74	43300
9	75	4900
9	76	4200
9	7	610200
9	83	109500
9	9	18700
